-14.753550295289    	-28.6246125164595   	185.506974441507    	
-14.4546343043246   	-27.4655952236109   	185.531423212152    	
-13.9193421073043   	-26.2784158372504   	185.472373017614    	
-13.4014464521201   	-25.1179417781821   	185.499982085036    	
-12.8737048605955   	-23.9715331200955   	185.501817633384    	
-12.3376365010942   	-22.750971571889    	185.537032135315    	
-11.7945414961806   	-21.6118760210227   	185.499637142273    	
-11.2494228820586   	-20.4310536221413   	185.545288903614    	
-10.7082218341764   	-19.2686254207374   	185.502196170049    	
-10.1210784714382   	-18.1116057523616   	185.500779661738    	
-9.58622445885985   	-16.9381301024881   	185.503157692289    	
-8.99222478281406   	-15.8028285985125   	185.48930101037     	
-8.47825511382384   	-14.6254538073562   	185.533838065462    	
-7.88979445390974   	-13.4670756965258   	185.472191831846    	
-7.30735423198322   	-12.3168146426583   	185.534156808388    	
-6.73023481456998   	-11.1665001161287   	185.530191477393    	
-6.15120076487492   	-10.0126809368993   	185.499374387557    	
-5.53313199347946   	-8.8520147224079    	185.501265091101    	
-5.00402492971632   	-7.7183057273048    	185.496042264843    	
-4.38094870932648   	-6.59071453233889   	185.461767574065    	
-3.78154731447191   	-5.43897878121675   	185.527108804652    	
-3.20190677785579   	-4.30525042245165   	185.502026452166    	
-2.53420923791361   	-3.16400578780396   	185.503269839939    	
-1.95431593873818   	-2.06991524446165   	185.502260035327    	
-1.33604896003657   	-0.903892095035904  	185.502699225918    	
-0.712941459410319  	0.22404041008433    	185.479992555607    	
-0.042821586825173  	1.33886464575067    	185.48464558797     	
0.542443624701309   	2.48079670017668    	185.464493471191    	
1.16198086216966    	3.62646123134425    	185.526675456809    	
1.78908997078597    	4.73495475171253    	185.47260347639     	
2.44810017659146    	5.85031583012544    	185.491414658223    	
3.10207572423383    	6.96739313254384    	185.519692090664    	
3.68381836166082    	8.05938763560495    	185.520399715848    	
4.33811614748638    	9.23031458373889    	185.496824765492    	
4.97670675952344    	10.3210201895199    	185.540403824638    	
5.67229818354704    	11.4375549476926    	185.529597843923    	
6.26505040064511    	12.5523622094003    	185.500767066499    	
6.96908310475867    	13.635499909242     	185.521826077839    	
7.60925560522529    	14.7600428077885    	185.499688200454    	
8.20703565726351    	15.8937119209697    	185.529687469413    	
8.86900531513271    	16.9954374481387    	185.486685803171    	
9.49509165857835    	18.1359563073522    	185.488415477031    	
10.1921927651531    	19.2038442887642    	185.484102519786    	
10.8357453604639    	20.3184506417446    	185.518652929187    	
11.4751596409645    	21.4607250626204    	185.495920675229    	
12.1602483465089    	22.5596249162425    	185.502704962074    	
12.7377471024265    	23.6657201578308    	185.526902659078    	
13.3915215903063    	24.8382505679748    	185.465872297271    	
14.0355896414691    	25.9218963483109    	185.509209654948    	
14.6223002556309    	27.0676715475161    	185.478272666304    	
15.0764929588225    	26.9440977190698    	185.527138444789    	
14.482979722892     	25.7621723340646    	185.472410061838    	
13.8610878841457    	24.6405745835276    	185.49782908557     	
13.3191579774967    	23.4296771355842    	185.498226131783    	
12.6962736910583    	22.3125190506293    	185.534292634207    	
12.1365239499177    	21.1559147083236    	185.527743026711    	
11.5137634758704    	20.0056623246505    	185.518746692011    	
10.8981337184812    	18.8758099669254    	185.504940571014    	
10.2873973975931    	17.7846207977259    	185.50234533339     	
9.68271973287278    	16.6303491648786    	185.52946033847     	
9.05532866164829    	15.5344737245601    	185.538412893337    	
8.44937970792239    	14.362410473278     	185.496100058282    	
7.80657532081119    	13.2503223220601    	185.481709439638    	
7.17154720753477    	12.101150572481     	185.49429921408     	
6.56725113803784    	10.9929315898296    	185.477224436255    	
5.93671807256973    	9.88197918781726    	185.518627191351    	
5.33297090467373    	8.72287767788277    	185.497680330375    	
4.70157185431042    	7.60021726753961    	185.495744229786    	
4.05196374079502    	6.46311573852974    	185.520126946195    	
3.41609411360993    	5.34990052246059    	185.510389675184    	
2.82040189418999    	4.23191047522134    	185.490888397598    	
2.16732713405685    	3.13333108969714    	185.496415150803    	
1.55645256594932    	1.98810382183583    	185.464481811684    	
0.894108442288415   	0.83906405963047    	185.499252885593    	
0.286220716516413   	-0.249145713139425  	185.500723565028    	
-0.353874307850517  	-1.38031214451119   	185.505520868291    	
-0.954903223151972  	-2.49650259642366   	185.534185247609    	
-1.58286468042603   	-3.63145306844645   	185.50006497685     	
-2.16679369612285   	-4.76267631799025   	185.508237104463    	
-2.83079228283445   	-5.92902928835798   	185.501765607048    	
-3.40504612701866   	-7.06336851312968   	185.529574612483    	
-4.01071766530195   	-8.18437648449013   	185.478259575186    	
-4.63382572184616   	-9.26916924577646   	185.540620015816    	
-5.26596123588322   	-10.4417969836474   	185.474673389077    	
-5.8879748480851    	-11.5744318492137   	185.463791339246    	
-6.48221886390963   	-12.7106709913115   	185.540364105706    	
-7.07464279625964   	-13.8642608254164   	185.525634612481    	
-7.67232958277034   	-15.0019585269797   	185.49394349102     	
-8.25728562332419   	-16.1458507021239   	185.527336398615    	
-8.88091402627666   	-17.2799520122143   	185.478071624592    	
-9.42279183999628   	-18.4777279791177   	185.535516789941    	
-10.0179415431055   	-19.5731105326256   	185.509105085145    	
-10.6228888747822   	-20.7289970748533   	185.497996162046    	
-11.2202170966173   	-21.9197886930951   	185.501659196588    	
-11.7848036799196   	-23.0623854322925   	185.489901451081    	
-12.3623021684497   	-24.1797298348262   	185.519988119823    	
-12.9393639563751   	-25.3469429304443   	185.524976920369    	
-13.4788372122183   	-26.5012389548731   	185.497840377907    	
-14.0596703179292   	-27.6350086593358   	185.499502277704    	
-14.7353163071326   	-28.6351257138609   	185.474615674946    	
-15.7493247536456   	-27.8815168327995   	178.502207725298    	
-15.4468009965043   	-26.6830530907567   	178.504082986103    	
-14.8754184898952   	-25.5485238046305   	178.50877309395     	
-14.3474624302117   	-24.3830750365265   	178.490267862116    	
-13.8150950134311   	-23.2378355970001   	178.464066167676    	
-13.2407481042573   	-22.0843098922715   	178.500141243808    	
-12.7121666836827   	-20.9072405888364   	178.495931991516    	
-12.148034033541    	-19.7867006934487   	178.468602758389    	
-11.6034725931105   	-18.6377955474745   	178.502527424844    	
-11.0323835048268   	-17.4735945454969   	178.489070829628    	
-10.4670594359939   	-16.3634893229478   	178.499743458367    	
-9.84485071242795   	-15.2289775607671   	178.515339500971    	
-9.26325831275774   	-14.0897510627864   	178.486167584656    	
-8.63598444195366   	-12.962145854465    	178.501958141749    	
-8.04289578853237   	-11.8110723787456   	178.520547546465    	
-7.44936784767637   	-10.7014397980821   	178.508794346326    	
-6.82741108309015   	-9.57171090186767   	178.484630860203    	
-6.16559486649984   	-8.48337932222523   	178.540589961908    	
-5.57198455622691   	-7.35152026191325   	178.500535851577    	
-4.89858330380281   	-6.26325275777733   	178.479700845089    	
-4.28633537847625   	-5.19970028505501   	178.511369027568    	
-3.62256606987917   	-4.05584859078197   	178.50268486218     	
-2.94438047384826   	-2.9502145623624    	178.485793564033    	
-2.31221739763384   	-1.87446778370628   	178.500608951006    	
-1.68654241126504   	-0.78964655076962   	178.525481891827    	
-0.988511107736913  	0.299418338050656   	178.497807761946    	
-0.307436837633572  	1.3905684663294     	178.461781022353    	
0.362868671705583   	2.4639949898444     	178.483680932456    	
1.05165287631448    	3.53922186457789    	178.490757563422    	
1.75752504537709    	4.66960417420805    	178.502194417904    	
2.48510878730726    	5.6630620198786     	178.500333332523    	
3.16007700773847    	6.78810304021891    	178.495791538437    	
3.86714566016551    	7.86347493510354    	178.508581566457    	
4.57577746333793    	8.9072655745958     	178.463757929541    	
5.31344207535962    	9.95973806883108    	178.510923582784    	
6.01725649587204    	11.0402294840352    	178.478148710342    	
6.72476718266191    	12.0451997921536    	178.504993585832    	
7.4652877464114     	13.1269638573501    	178.536585789995    	
8.21287897543584    	14.167892382099     	178.476824253949    	
8.91541785384219    	15.2407334898573    	178.497505113869    	
9.61479866806605    	16.2888748949784    	178.464551664852    	
10.3904394244727    	17.313336264388     	178.501874916778    	
11.1477254722283    	18.3331128203787    	178.459162298553    	
11.8496809953247    	19.415879017068     	178.525135114052    	
12.612089288293     	20.4295928060515    	178.530069548863    	
13.3713639374878    	21.515074379743     	178.500182508651    	
14.1347149778531    	22.5327015816221    	178.504994689332    	
14.844976252818     	23.5700257213429    	178.509119958755    	
15.5543562417095    	24.6108842228855    	178.500823856833    	
16.2977343261318    	25.6113678422842    	178.508587084507    	
16.723364270963     	25.5579246866455    	178.498214036792    	
16.0415736834366    	24.4237128093657    	178.477361389649    	
15.3956181584657    	23.3339010543006    	178.478077715555    	
14.6914138533135    	22.2928390053206    	178.483620953444    	
14.0246170160538    	21.1847296780591    	178.508867309472    	
13.2964271074426    	20.1241015645064    	178.484144032343    	
12.6252709447115    	19.055883104254     	178.499962866108    	
11.9367659542252    	18.0024582324872    	178.495004677628    	
11.2596503164621    	16.9032888503367    	178.495802780595    	
10.5446018974972    	15.8581724634667    	178.493621335682    	
9.84041195625202    	14.726376580366     	178.527503812295    	
9.15364174492785    	13.6852168089078    	178.505366247076    	
8.49460680577937    	12.5718445908265    	178.471926150531    	
7.77474978473363    	11.5654939149579    	178.476747370354    	
7.09543888298191    	10.4494574474934    	178.498321011382    	
6.39683963135065    	9.4300428471706     	178.501938427524    	
5.71387612108644    	8.29765719309567    	178.477835956689    	
5.00084168845899    	7.26553948144029    	178.531273094772    	
4.34147323667835    	6.18015015325176    	178.463143856054    	
3.59129659772773    	5.08491746145103    	178.51534156205     	
2.95058009166123    	4.01302085637666    	178.47236857157     	
2.24134017245433    	2.92337605107708    	178.538486903457    	
1.59973390332581    	1.83044413004101    	178.522002566441    	
0.895554811896594   	0.78415752415241    	178.477935102282    	
0.211498537195784   	-0.332697037931244  	178.499117631271    	
-0.479000164273887  	-1.40104572849498   	178.498310756948    	
-1.11083302444218   	-2.47196747461396   	178.472905740041    	
-1.82626566093194   	-3.55494677379146   	178.51869636073     	
-2.49660301213614   	-4.6487681411746    	178.501771744644    	
-3.18226249030405   	-5.74282392619404   	178.504118154943    	
-3.8188514049484    	-6.80109763503351   	178.480239023326    	
-4.46193952035198   	-7.94485971215877   	178.463202693202    	
-5.12916786116671   	-8.99521323518795   	178.490006205605    	
-5.8083097627561    	-10.1347305785717   	178.520626021683    	
-6.42312395753155   	-11.2391320157112   	178.499992624002    	
-7.06185559416166   	-12.3467411708179   	178.532116472164    	
-7.73931718187316   	-13.4431083458484   	178.491290251525    	
-8.3787984605599    	-14.5520241442232   	178.518888443635    	
-8.97735458682985   	-15.6514488249013   	178.504845988234    	
-9.59953318519546   	-16.7335258352766   	178.528979677118    	
-10.2529769520978   	-17.897880033278    	178.536226801285    	
-10.8066053532356   	-18.9893303108849   	178.501972520999    	
-11.4205384351074   	-20.1480206431423   	178.498349731661    	
-12.0831958293551   	-21.2657895978201   	178.536091257061    	
-12.6870085733263   	-22.3865612772976   	178.50920717066     	
-13.2422805822276   	-23.512632004491    	178.518110525608    	
-13.8986256346656   	-24.6691274873316   	178.534084662941    	
-14.4452107428108   	-25.7876296096054   	178.513250920216    	
-15.0170135899258   	-26.9088190996288   	178.527827362968    	
-15.7766051924911   	-27.8804538541236   	178.505717235076    	
-16.7686393520207   	-27.098601176467    	171.477883446472    	
-16.4040322894084   	-25.9621930777323   	171.484345531381    	
-15.858601960905    	-24.8193386631871   	171.531756758234    	
-15.3355682764292   	-23.6493447127188   	171.482121907876    	
-14.7704145989444   	-22.5436431563954   	171.501015133827    	
-14.1987604078414   	-21.3566305706814   	171.497303686652    	
-13.6259554478863   	-20.2791825417105   	171.50033170923     	
-13.0204029755815   	-19.0928299725493   	171.486795214724    	
-12.4596671762393   	-17.9979255357987   	171.469838690917    	
-11.8785705342043   	-16.8829650322133   	171.497913623033    	
-11.2910935514133   	-15.730023907264    	171.521810894902    	
-10.6327029967588   	-14.653918768247    	171.479396406206    	
-10.0058611746869   	-13.5085312210177   	171.510679257398    	
-9.37829493733164   	-12.4059492774205   	171.500484063691    	
-8.76994157417137   	-11.3013255105695   	171.497857670754    	
-8.12239230479029   	-10.2420909345491   	171.502128455415    	
-7.48138615916729   	-9.12816677713313   	171.498053404982    	
-6.79279120994103   	-8.05396799776974   	171.521787250143    	
-6.1205822306338    	-6.98527529373687   	171.49992809412     	
-5.44870489196289   	-5.90365617500391   	171.533807746117    	
-4.78520106512882   	-4.85395690282673   	171.489315032809    	
-4.08779375736766   	-3.74555806001946   	171.481219866202    	
-3.33323773375247   	-2.70118627276283   	171.500789012879    	
-2.63001369981152   	-1.64069241696889   	171.501840098452    	
-1.9363975940029    	-0.592692146104106  	171.491290353309    	
-1.21289394804198   	0.478094436516531   	171.495186455618    	
-0.526241968844906  	1.47430982371434    	171.526859066993    	
0.275716874896375   	2.52647822837196    	171.490862687426    	
0.996980474665645   	3.56257588944538    	171.472448493772    	
1.75574331224734    	4.60639203865271    	171.496581523749    	
2.50078306027965    	5.60261934519275    	171.491277271858    	
3.28001683207417    	6.60806535137801    	171.51809169407     	
4.0167046439346     	7.60567632307138    	171.49610007717     	
4.81278393692836    	8.60267604210401    	171.527685158323    	
5.63541084403763    	9.63411338357592    	171.506994757906    	
6.38937173529886    	10.6132571125183    	171.527633528119    	
7.21336322461407    	11.6180503664396    	171.484514108557    	
8.0080737213899     	12.5632325838751    	171.502559171868    	
8.8080902590751     	13.6173393108067    	171.498990788247    	
9.63564472895255    	14.5899239049359    	171.500904759705    	
10.4371240919645    	15.5081039232943    	171.506671039591    	
11.2647058653188    	16.5402654388555    	171.498821829901    	
12.0878461648539    	17.4855458152406    	171.530272271631    	
12.9239121029573    	18.4035072419542    	171.464475627332    	
13.7533742236662    	19.4069518432962    	171.473099913359    	
14.6257508772397    	20.3117853988546    	171.482245379932    	
15.438925531647     	21.3281139814812    	171.538554006171    	
16.2882036041074    	22.2522212620281    	171.5002775782      	
17.1545742561414    	23.1665610562001    	171.496171863358    	
17.9692634895998    	24.1612514111149    	171.498198803705    	
18.4739098152796    	24.0526723079094    	171.52289732545     	
17.7320821439218    	23.0609431967898    	171.52153596788     	
16.9253310751441    	22.0477633217909    	171.472823720823    	
16.1622474859533    	21.06273048918      	171.513549952135    	
15.375386213031     	20.0601750110823    	171.481219963588    	
14.564303644183     	19.0144453401868    	171.507170956093    	
13.8486626137393    	18.0420530484041    	171.506761882159    	
13.03769854796      	17.0097836943047    	171.477621892211    	
12.2639701044445    	16.0310168356669    	171.547758416793    	
11.4544638976524    	15.025099659475     	171.497176665414    	
10.7174446553119    	13.9805045718267    	171.532009810482    	
9.95329315158549    	12.9996921350691    	171.521987644734    	
9.16783406374289    	11.9965864078507    	171.502429779       	
8.41907081622561    	10.97338954614      	171.494436000713    	
7.65384028460119    	9.96237770207675    	171.481287864098    	
6.86852054054522    	8.90341683698634    	171.492769277715    	
6.11445977750284    	7.92591056892433    	171.502031371023    	
5.36768599154092    	6.90751706556041    	171.529948461216    	
4.58157805644565    	5.88561012750186    	171.497443624821    	
3.85794206129891    	4.88946437201823    	171.47697861662     	
3.12232630780041    	3.82692971567551    	171.520472798354    	
2.32706828414406    	2.78300809097623    	171.518467031113    	
1.60374385836023    	1.77013942018375    	171.478135033493    	
0.845162132915787   	0.722024961496624   	171.486149236287    	
0.129403888316824   	-0.28625909658336   	171.491496756518    	
-0.570692047454409  	-1.33090499289877   	171.501767737535    	
-1.30634148692569   	-2.37391974833524   	171.497470224963    	
-2.08351480987199   	-3.42113161645995   	171.502343505894    	
-2.75375548199601   	-4.49743536029209   	171.497543138694    	
-3.48824065387774   	-5.53404278914586   	171.519063259015    	
-4.22906745166486   	-6.58477006136972   	171.473022198618    	
-4.89444548246423   	-7.66196710041343   	171.479275118151    	
-5.58038372944121   	-8.70912174450635   	171.499199504848    	
-6.27270094509073   	-9.75434735336855   	171.500042636956    	
-6.96860540843972   	-10.8575573157268   	171.484229355555    	
-7.66355005123912   	-11.9230143333742   	171.498252857628    	
-8.32144386641761   	-12.9969524220012   	171.536172683301    	
-9.0011572795356    	-14.0495355821792   	171.459772299592    	
-9.68968115311401   	-15.1882121075478   	171.504090374096    	
-10.328707795183    	-16.249156479215    	171.498058194497    	
-10.9686564146406   	-17.3637337328735   	171.494666429078    	
-11.6348597123296   	-18.4029923749404   	171.500947314982    	
-12.259698639824    	-19.5004129972733   	171.502942372068    	
-12.9257167295307   	-20.5900355979388   	171.470376451796    	
-13.5495011873241   	-21.7282542258554   	171.509307932315    	
-14.1253790238824   	-22.8094573416754   	171.474354130525    	
-14.7740437152913   	-23.9160288577331   	171.53100314176     	
-15.4026038057727   	-25.0590535791894   	171.476888706866    	
-15.9804508403779   	-26.1828206952994   	171.536545584153    	
-16.7507887189339   	-27.1238569838029   	171.51813291679     	
-17.7128394008703   	-26.3319598849308   	164.502357588333    	
-17.367349087174    	-25.1789525548161   	164.482028056791    	
-16.8047725257543   	-24.0702335872553   	164.479466797868    	
-16.291304042022    	-22.9415330801321   	164.494966951711    	
-15.7197361132186   	-21.7837035864643   	164.499409801132    	
-15.1449154309987   	-20.7021533686733   	164.481838964965    	
-14.5410747914777   	-19.5430143513275   	164.52779463504     	
-13.9624411719731   	-18.4825535746808   	164.53081141099     	
-13.3562869073726   	-17.3100283781885   	164.47949148189     	
-12.7542151612485   	-16.2303497904473   	164.52036303749     	
-12.1226099455255   	-15.139020809772    	164.504130710173    	
-11.4835692413429   	-14.0434508017984   	164.540256763155    	
-10.8040958305536   	-12.9613728304938   	164.478256978188    	
-10.1464299222756   	-11.8377195339457   	164.536086820347    	
-9.53503125936052   	-10.8005725891572   	164.499921645495    	
-8.82119059383665   	-9.7162982733723    	164.51993047021     	
-8.14876918733574   	-8.67404564698453   	164.499725749876    	
-7.432754606752     	-7.65600955171819   	164.491641350549    	
-6.72827703390412   	-6.58890376992656   	164.527551840224    	
-6.01027289802891   	-5.50156863877821   	164.499171617782    	
-5.33005639091738   	-4.51070524375491   	164.491387605439    	
-4.57972735448893   	-3.47458897064931   	164.48146679144     	
-3.83925778153332   	-2.41987893885836   	164.520656570043    	
-3.08381416274187   	-1.43345075684481   	164.472424562682    	
-2.32526347207797   	-0.429583818947575  	164.487808574555    	
-1.53855303850379   	0.542100323521492   	164.527021903794    	
-0.768463800702137  	1.54422130464538    	164.502031440074    	
0.0523623608007164  	2.5582054013792     	164.496204939045    	
0.800719253760352   	3.52297915956337    	164.510918571763    	
1.65396666440321    	4.51180961480898    	164.499386897353    	
2.46273314634269    	5.45216455876944    	164.540154305424    	
3.28946208159178    	6.44018784834985    	164.545236944895    	
4.10242271992546    	7.37530922966358    	164.492796982558    	
4.96716207934333    	8.30726620467351    	164.521701333828    	
5.83175428519888    	9.19867666186701    	164.502067009574    	
6.72992101280961    	10.1151001282293    	164.524857361828    	
7.53660532718548    	11.0362890905369    	164.527563109142    	
8.44382073445166    	11.9900353013503    	164.500728284902    	
9.33283292302714    	12.8529902748057    	164.515504288872    	
10.2358214481682    	13.7926862306721    	164.51877145219     	
11.1267155641586    	14.654399596191     	164.496910602041    	
12.0156305726945    	15.5453408846828    	164.527510242881    	
12.9566615237934    	16.3647149077169    	164.481436553845    	
13.9181190038472    	17.2528180867771    	164.477787190745    	
14.841169831198     	18.1133796924404    	164.504276684225    	
15.7416339954264    	18.9863889622814    	164.508349037611    	
16.6813374974878    	19.7990792745526    	164.491152662696    	
17.6766564927363    	20.6523672640837    	164.5386242283      	
18.5670111301844    	21.4600127418319    	164.464840334172    	
19.5667062216658    	22.2942601960071    	164.472285808072    	
20.2197963270227    	22.2763952710419    	164.499975798023    	
19.3187510440148    	21.3927085783273    	164.501781491594    	
18.4484099920365    	20.4509704138096    	164.504085242551    	
17.5967798064251    	19.5461239446695    	164.502797546408    	
16.6692753916054    	18.629066356986     	164.472677364219    	
15.8217799518457    	17.6866678714139    	164.463040597897    	
14.9460478942045    	16.7666732228031    	164.502975481357    	
14.0597320427708    	15.8737560920313    	164.531018023028    	
13.1722959147536    	14.9669017983872    	164.502559252897    	
12.3355013803652    	14.0143229153119    	164.502409735545    	
11.531917771648     	13.0526173542255    	164.481930145416    	
10.6583710513856    	12.1660651952931    	164.504945181581    	
9.83883211082999    	11.2235404809084    	164.525197003928    	
8.96296055172913    	10.2706613179537    	164.500813022979    	
8.1695116084404     	9.36080514894203    	164.508512493958    	
7.28866848459167    	8.35788690195004    	164.489837891925    	
6.46229413653711    	7.42210606218282    	164.535839601766    	
5.63926657134689    	6.42892122671669    	164.510477748614    	
4.80757981626022    	5.50747449381497    	164.50367293081     	
4.03410893928111    	4.53799816343883    	164.490598831351    	
3.20101487034673    	3.56909979094052    	164.509915050787    	
2.41883128651777    	2.6108697292788     	164.478232649845    	
1.63063375345191    	1.63612527169166    	164.540244610172    	
0.795900755278223   	0.636089910228962   	164.52749540802     	
0.0222260919169782  	-0.362878194746004  	164.482452224905    	
-0.76851036830896   	-1.341706311233     	164.484428997235    	
-1.57351136620418   	-2.33335237186874   	164.523127036909    	
-2.31914062733393   	-3.32782436082209   	164.481495712808    	
-3.08598510157685   	-4.36539304955005   	164.509516421435    	
-3.82412264260512   	-5.39172297220527   	164.526569690584    	
-4.60336134465381   	-6.36324351058659   	164.498421502961    	
-5.35635816421524   	-7.40316432271593   	164.508588292169    	
-6.08198054780201   	-8.4175311404915    	164.499042060535    	
-6.79422669591237   	-9.45152103666868   	164.525619738982    	
-7.5578599160536    	-10.4802950033026   	164.540760884579    	
-8.21807698494714   	-11.4873071205749   	164.491525574137    	
-8.96892103991944   	-12.544667607735    	164.459411527615    	
-9.70498999743796   	-13.6380843364408   	164.469854583046    	
-10.3426873393479   	-14.6656173678184   	164.481753643059    	
-11.0662268373467   	-15.7107536143363   	164.484424896267    	
-11.7399504857131   	-16.7712593274465   	164.547495013818    	
-12.3924802674561   	-17.8749041214185   	164.497230582053    	
-13.1059758160624   	-18.8887846412941   	164.513372953329    	
-13.7465391088696   	-19.9951229353495   	164.517922719984    	
-14.4458732607652   	-21.057452489344    	164.491132514755    	
-15.0731962227609   	-22.1950463519057   	164.508784035016    	
-15.7229630922339   	-23.2162158737827   	164.505068113268    	
-16.3458882125476   	-24.2967033906721   	164.540383000292    	
-17.0014484989653   	-25.4151129425598   	164.474487466326    	
-17.7273119348081   	-26.3383841368768   	164.494518129001    	
-18.7441379292485   	-25.5896396355625   	157.463232214331    	
-18.3957623162329   	-24.4923167563376   	157.524811982826    	
-17.8506030992253   	-23.3643405181201   	157.508741755307    	
-17.2753036633277   	-22.2427236311115   	157.493123854697    	
-16.703001830792    	-21.1320634018276   	157.498410069346    	
-16.1566476719937   	-20.0302209880574   	157.518954377088    	
-15.5918303911246   	-18.878549539104    	157.462209585617    	
-14.9503234410461   	-17.8263313176562   	157.518059118631    	
-14.3588014412403   	-16.7766030839827   	157.537808448842    	
-13.7299658542867   	-15.6812532178306   	157.535679155996    	
-13.0856911047858   	-14.5854786051879   	157.519019155996    	
-12.4038616857755   	-13.5290984698352   	157.500810033849    	
-11.7578243891548   	-12.4501648173205   	157.476833307002    	
-11.1061937567208   	-11.4320613417089   	157.529371712833    	
-10.3935238513799   	-10.3560512517511   	157.501974280625    	
-9.71683914772865   	-9.31736447620654   	157.493317113858    	
-9.03604060102004   	-8.26077244800437   	157.527611697614    	
-8.31078695195157   	-7.27970563259303   	157.498063256708    	
-7.5368975397968    	-6.26975803965625   	157.508497632056    	
-6.83862015591363   	-5.27812179382946   	157.508670552703    	
-6.07194626892472   	-4.27183987916074   	157.470213898449    	
-5.32550637830431   	-3.27020523895599   	157.518012779053    	
-4.51614124134585   	-2.29469894248207   	157.527314257028    	
-3.72798935535037   	-1.33378004888625   	157.540467757541    	
-2.91597008894629   	-0.325657301705704  	157.518140229361    	
-2.09271819885399   	0.581328412342191   	157.466024979986    	
-1.28435352719264   	1.55447968690978    	157.536626797254    	
-0.491922363260353  	2.48468504919064    	157.514256622603    	
0.395224810271784   	3.4009934637824     	157.467586515364    	
1.23584106932032    	4.2932845316461     	157.527282426545    	
2.13022051263887    	5.18172622577202    	157.540345989127    	
3.01524228917322    	6.03202632972352    	157.479718556619    	
3.94218169602323    	6.91376494492876    	157.472893237335    	
4.83432925645556    	7.78969759673421    	157.498215231425    	
5.73430684986412    	8.64425871465557    	157.502490481453    	
6.69089522972741    	9.49329569312157    	157.51557517769     	
7.58284417565132    	10.2943609522305    	157.511835317177    	
8.56586389667084    	11.0753440609751    	157.472647298499    	
9.49076330444494    	11.9170631961053    	157.492635067207    	
10.5139174254076    	12.6658412854183    	157.529469878302    	
11.4649340072979    	13.4979467030088    	157.505193845589    	
12.4552768134107    	14.2077530459738    	157.513569856113    	
13.4888844278027    	14.9794697582882    	157.540593621287    	
14.5067154233209    	15.6670092219147    	157.472435514142    	
15.5406285641788    	16.4152672944212    	157.504212800946    	
16.6170464505598    	17.1226752227459    	157.508987380725    	
17.6563338971204    	17.7342052930955    	157.47739251131     	
18.7280746108392    	18.3950503088534    	157.498209315151    	
19.8149560307304    	19.0196049858418    	157.534132067425    	
20.8881456542371    	19.635409514255     	157.499036177211    	
21.8192829933569    	19.6896444385083    	157.506941901777    	
20.8107676257965    	18.9235896452407    	157.526477079763    	
19.8409710841584    	18.1671824243979    	157.511544504824    	
18.8011101559733    	17.3810829424973    	157.486337138018    	
17.8329708731291    	16.6449820073318    	157.547492801133    	
16.8618127115716    	15.8510832686196    	157.459467297535    	
15.8728205225926    	15.0913354622258    	157.490798979708    	
14.9691875591313    	14.2801435534966    	157.502673391227    	
13.9801124474822    	13.445230585155     	157.518696152928    	
13.0464430952943    	12.6085080309084    	157.500012011073    	
12.1010440763277    	11.8090743275818    	157.521629922302    	
11.1479987997248    	10.9638271640677    	157.459744292786    	
10.2131835792722    	10.120860598082     	157.474526438002    	
9.31572690699779    	9.29026078262658    	157.500385690614    	
8.39866828216791    	8.3932161281651     	157.508858577162    	
7.53485610577027    	7.54332633957087    	157.466107675964    	
6.63651191002679    	6.6347440281414     	157.491634070756    	
5.74963292392572    	5.80107669393144    	157.504588649787    	
4.84649878276593    	4.89099480786977    	157.49844544259     	
3.9741304433759     	4.01598692114782    	157.520582788049    	
3.10031445135235    	3.08652847629605    	157.49962824355     	
2.29830975962003    	2.16825370152182    	157.526797441942    	
1.40438607952375    	1.23824348835765    	157.531907132388    	
0.58466522949819    	0.36719495515641    	157.501561913242    	
-0.250270536822501  	-0.610986917316067  	157.496215290256    	
-1.10645549145946   	-1.53664097909428   	157.463607415336    	
-1.89445606001634   	-2.44803122689259   	157.500266856291    	
-2.71642620818026   	-3.40425574812955   	157.498194599735    	
-3.54761488911837   	-4.37319262352803   	157.45967822688     	
-4.32241213649706   	-5.30615603645516   	157.518344134765    	
-5.11088175373602   	-6.29817691367324   	157.504128828358    	
-5.90108530668098   	-7.2426584021818    	157.519190539031    	
-6.66711182749237   	-8.26663916161672   	157.499848232822    	
-7.44079588163629   	-9.24835702983237   	157.459950975138    	
-8.19830254777575   	-10.2077509466634   	157.504775786064    	
-8.930048774679     	-11.2493318322108   	157.489776787195    	
-9.71163505062418   	-12.2317901196452   	157.468791418236    	
-10.4425779453417   	-13.2407337437589   	157.494236142694    	
-11.1852660803615   	-14.2696644602762   	157.50005093274     	
-11.8753006589966   	-15.2865914457497   	157.520694953513    	
-12.6319679760182   	-16.291249129503    	157.496129203932    	
-13.2997797324873   	-17.3242171920136   	157.492861307012    	
-13.9567386050979   	-18.3725201484003   	157.463989536962    	
-14.6919193011355   	-19.4440424149611   	157.4995715419      	
-15.3563920698889   	-20.4667203256651   	157.517398204587    	
-16.0593284120027   	-21.5383368505943   	157.513851073196    	
-16.7111561858759   	-22.60737715835     	157.501869851793    	
-17.3690768900314   	-23.6636902846442   	157.502313186171    	
-17.9702816042584   	-24.7308523339449   	157.505013927803    	
-18.6994387859651   	-25.6084290370024   	157.509081920542    	
-19.767673386252    	-24.9186205370828   	150.477291478346    	
-19.4333692310836   	-23.8070429236408   	150.470196559557    	
-18.9215225167979   	-22.6826281068918   	150.504669546939    	
-18.3083349369598   	-21.5405936672131   	150.48902454214     	
-17.7350613127191   	-20.4430086240029   	150.477006972405    	
-17.1607049101855   	-19.375844160934    	150.499616903548    	
-16.6046414718489   	-18.2523927149197   	150.500272926618    	
-15.9825316106994   	-17.1903878977272   	150.518716414504    	
-15.3719356228744   	-16.1341590551146   	150.508817411833    	
-14.7816419414364   	-15.0441043303685   	150.502274965567    	
-14.1253741902588   	-13.9993046429733   	150.491770331387    	
-13.4492096996822   	-12.957924229357    	150.501996733931    	
-12.7683967318512   	-11.8565800101015   	150.481837799753    	
-12.0770874383114   	-10.8549724503734   	150.468687190968    	
-11.3892280030858   	-9.83030288058965   	150.507324992501    	
-10.6546441620208   	-8.78804976476976   	150.536919271088    	
-9.96000580281243   	-7.79828300820526   	150.469209666583    	
-9.20045554117661   	-6.8039082066676    	150.535398833782    	
-8.45095468726231   	-5.79929948269937   	150.49584242925     	
-7.67676938027089   	-4.81112985653322   	150.508445664828    	
-6.89140309222517   	-3.88001637462523   	150.535948249988    	
-6.09023495144807   	-2.94601599568414   	150.513943259601    	
-5.25442939928612   	-1.97863713010355   	150.518511311724    	
-4.46421742939104   	-1.05774788322381   	150.513640592548    	
-3.58983624150871   	-0.146784318958387  	150.48177815134     	
-2.77029840922027   	0.784960202738607   	150.52196321462     	
-1.86031834684004   	1.6479467946678     	150.500517822767    	
-0.974020061814532  	2.53074168382734    	150.481389664255    	
-0.135873148393612  	3.40127580530643    	150.479627593153    	
0.812340529159945   	4.2257147764472     	150.531213777923    	
1.71485077996928    	5.05614182144601    	150.502100026521    	
2.67758265409409    	5.84693045295062    	150.501905783822    	
3.62406513181682    	6.66236478703991    	150.491124795438    	
4.54563999031294    	7.43895378381268    	150.502045543599    	
5.59340666775397    	8.20078784121646    	150.502253608302    	
6.52862358620609    	8.95658694772655    	150.532279606865    	
7.57368138329743    	9.65808605305353    	150.517977670471    	
8.5999225203451     	10.3284141642318    	150.482339759797    	
9.64502716403934    	11.0085477871955    	150.5007543022      	
10.7246370063289    	11.7187476714348    	150.523106136254    	
11.7901454442209    	12.3228431029901    	150.48388238205     	
12.8458348261592    	12.9442496367139    	150.491616612647    	
13.9663012504457    	13.5244372846402    	150.469825493528    	
15.022823746431     	14.0555207243193    	150.497787031706    	
16.1586677178821    	14.6435063562001    	150.482219592723    	
17.3211625199456    	15.0769447356001    	150.489864210366    	
18.4786343999795    	15.5881750995607    	150.500357628954    	
19.6709600064222    	16.0129199561819    	150.493177955088    	
20.8282953044519    	16.3521773503679    	150.47427871682     	
22.0173421646908    	16.6788055534416    	150.505016524414    	
23.198583697867     	16.889341767907     	150.4961998075      	
22.3787019600196    	16.1621176517021    	150.494766500869    	
21.2784954289123    	15.61722469654      	150.493375398369    	
20.2071928597661    	15.0008343387218    	150.502116506274    	
19.0633552580465    	14.401868687605     	150.49987628216     	
17.9739524948646    	13.7731656249965    	150.54013726895     	
16.9862717301149    	13.1599158194263    	150.530432940217    	
15.887154399199     	12.4888729509299    	150.532386706435    	
14.8574771837151    	11.8084516607507    	150.481938809322    	
13.845871900175     	11.1055725336665    	150.500020630749    	
12.8029780176036    	10.416521019137     	150.500094379865    	
11.8182920291279    	9.71222606710298    	150.481642339779    	
10.8358899659184    	8.94024207530833    	150.482070840443    	
9.8003401546263     	8.18044171991002    	150.47291695558     	
8.82770739707362    	7.43460292417652    	150.528990962644    	
7.86081035460714    	6.66596106763402    	150.498202801486    	
6.85057065109168    	5.86400010937581    	150.525152057598    	
5.93684889498576    	5.08514186315164    	150.494944244706    	
4.96514697517709    	4.29649406909986    	150.514954461137    	
4.0622598202775     	3.45651147037334    	150.499614438421    	
3.14913580779857    	2.62096149115264    	150.502070772813    	
2.20864011557196    	1.79715261159476    	150.522620473606    	
1.26561663266831    	0.926036493404345   	150.479534647246    	
0.421839947403442   	0.102087599851825   	150.510976772213    	
-0.521354899785298  	-0.799149516715988  	150.504837817289    	
-1.36149156088507   	-1.66517755875795   	150.496048960689    	
-2.25670433088019   	-2.54590830538556   	150.480021520637    	
-3.10708439466133   	-3.43530962793568   	150.498281322007    	
-3.94858951485588   	-4.37716696488014   	150.46457527982     	
-4.8111378699467    	-5.25225463191206   	150.503039045079    	
-5.63003028945994   	-6.15933490083313   	150.503970694594    	
-6.43136990937362   	-7.1392091795601    	150.4975691196      	
-7.29466130740517   	-8.036633220588     	150.493250335335    	
-8.11627470747503   	-8.99219959223999   	150.500262445034    	
-8.87015530234545   	-9.92713893665251   	150.500934467255    	
-9.66021788550008   	-10.9132300835599   	150.510581618027    	
-10.3811185863149   	-11.8970341996796   	150.53099128069     	
-11.1812679333388   	-12.8673355523437   	150.47678848542     	
-11.9425549181714   	-13.8325183797505   	150.510149618519    	
-12.6715455391892   	-14.8308374203282   	150.503937042395    	
-13.4604998391653   	-15.8492649884281   	150.481817409858    	
-14.1497253876704   	-16.8721022178151   	150.515830408161    	
-14.8909390763921   	-17.8669130066172   	150.510817363229    	
-15.6176625965593   	-18.8932022312096   	150.468126553933    	
-16.3099979743425   	-19.8903975640515   	150.502189885335    	
-17.0027921895029   	-20.9326433519313   	150.509186779395    	
-17.6579121908127   	-21.9813710967273   	150.529446468907    	
-18.3239689106418   	-23.0420510017645   	150.469892355499    	
-19.0212081405592   	-24.0469656175415   	150.496947806217    	
-19.748108235616    	-24.9238538960301   	150.496244619151    	
-20.7782096143621   	-24.2881561952549   	143.479660840554    	
-20.4536629425721   	-23.1714058284343   	143.501745492673    	
-19.910160396172    	-22.0667040336947   	143.459578408376    	
-19.402420137492    	-20.9313993677822   	143.502278492494    	
-18.7718293303286   	-19.8524268275265   	143.479180636665    	
-18.207230130282    	-18.7264547881416   	143.500217651996    	
-17.64696145898     	-17.6535663869217   	143.494148552727    	
-17.0311396508572   	-16.561597799725    	143.484952184178    	
-16.4056044931331   	-15.4779694678086   	143.504251845787    	
-15.7302649347643   	-14.4351350988945   	143.48172479848     	
-15.0882712136318   	-13.3844970726      	143.505263374637    	
-14.4225816539363   	-12.3283359661582   	143.493247162097    	
-13.6916220834365   	-11.2944487347464   	143.518057231079    	
-13.0046292704821   	-10.2735071886239   	143.516026413215    	
-12.2613182714911   	-9.26462620113875   	143.518175109006    	
-11.5370090400261   	-8.23052291488725   	143.53364569362     	
-10.7820747142008   	-7.26460115539055   	143.520212735322    	
-10.0106020550808   	-6.24820319748454   	143.522953563147    	
-9.2306174872522    	-5.31768841446148   	143.505129598271    	
-8.42467612711225   	-4.35816145985373   	143.472797298007    	
-7.59263345029371   	-3.44280905908516   	143.498464885915    	
-6.76948659214798   	-2.48084219699764   	143.493034800172    	
-5.93916618099669   	-1.55220618063515   	143.462550213257    	
-5.04358827819082   	-0.653627969151121  	143.498015998608    	
-4.16938048731117   	0.203121334570953   	143.464696591643    	
-3.28683551019462   	1.07741930722716    	143.499811895745    	
-2.39544379180549   	1.92167129523669    	143.484280936193    	
-1.46169621520389   	2.75816244348515    	143.484413864069    	
-0.500313877173776  	3.58630504920287    	143.49170884125     	
0.427519363974742   	4.35905325899401    	143.502004230282    	
1.38870102501002    	5.18079567777724    	143.503948727191    	
2.41145667288583    	5.89833549128127    	143.499460766384    	
3.41835278664597    	6.61783228714575    	143.529795987121    	
4.40501933185338    	7.38316166086742    	143.496977061183    	
5.46550186871124    	8.03054365381573    	143.498157462828    	
6.52826936505355    	8.68207387285149    	143.48597259155     	
7.61010851837822    	9.30639820288055    	143.477154513997    	
8.68735318806881    	9.94252510045828    	143.515701426237    	
9.74459566641246    	10.5314407432937    	143.515388984298    	
10.8830555493019    	11.0803416124045    	143.522002522927    	
12.0240219767509    	11.5718836134287    	143.508487158252    	
13.1668809619422    	12.0216193566676    	143.497960693449    	
14.3187105368074    	12.4855407654811    	143.489490335712    	
15.5305286372541    	12.8843794114999    	143.476905601589    	
16.7278755259051    	13.2154814622153    	143.501952832587    	
17.9096017243794    	13.5146758633119    	143.480292513023    	
19.1554558006912    	13.7657592671188    	143.48963446017     	
20.3850845617437    	13.9493168891487    	143.521957908891    	
21.6245383417314    	14.1281990883437    	143.498910687148    	
22.8425345119688    	14.1773270487328    	143.532478727886    	
24.0930263448033    	14.2046611756565    	143.49496441719     	
23.8350902825557    	13.6035936105859    	143.464029681988    	
22.6382131063707    	13.2838671429976    	143.497794469184    	
21.4759938930487    	12.8721215268062    	143.504098674452    	
20.2982461910005    	12.4672176037507    	143.495759900239    	
19.1466056304863    	11.987006006186     	143.497798447344    	
17.9876163672737    	11.5287438263256    	143.502456144647    	
16.8700056494748    	11.0233233354503    	143.50007814212     	
15.7449807489228    	10.4685687516922    	143.492909534998    	
14.6239330526485    	9.87700118544594    	143.477378781102    	
13.5419335181835    	9.30962436142062    	143.525425708452    	
12.4800763386382    	8.68099898798378    	143.511317612723    	
11.4092028791441    	8.06734565707882    	143.509351644665    	
10.3823666430787    	7.37484285951346    	143.481899007382    	
9.30650956124176    	6.72690625108451    	143.478071833201    	
8.24204825785794    	5.97968173818175    	143.527825168178    	
7.26686680759436    	5.34204316247433    	143.540265669133    	
6.24127981598211    	4.538764165127      	143.518885414234    	
5.27623670426002    	3.83362998337318    	143.503121954667    	
4.24970425802653    	3.06846948467691    	143.500135681993    	
3.23678018455623    	2.31473016860918    	143.464261177911    	
2.27823152169231    	1.48828638275362    	143.531361306454    	
1.35498745422348    	0.711043909104527   	143.501897782312    	
0.415130105521755   	-0.0968048159335749 	143.538640487365    	
-0.5239373284659    	-0.918959385495683  	143.496313846558    	
-1.45710667623079   	-1.71210788241696   	143.472308650004    	
-2.35586407731451   	-2.6068905485625    	143.491479772316    	
-3.26294854184916   	-3.44851752518022   	143.503843737585    	
-4.18660469450376   	-4.34239377113859   	143.518741095763    	
-5.08178474774501   	-5.19095022831386   	143.489232679614    	
-5.960202397722     	-6.08158291795808   	143.505050374138    	
-6.80105063005983   	-6.95556644623358   	143.504762030083    	
-7.66923603205583   	-7.83449182709021   	143.497368692064    	
-8.52188177505464   	-8.78816606613889   	143.495528650777    	
-9.38842388791198   	-9.71119891890247   	143.501647402615    	
-10.1871866036706   	-10.5877996427613   	143.498751900894    	
-11.0082827993084   	-11.5554313636621   	143.488887354498    	
-11.7987054554563   	-12.4979175429258   	143.505184572498    	
-12.5781479260149   	-13.4537526141728   	143.496540706284    	
-13.3858370391993   	-14.4441307683332   	143.498537150437    	
-14.1846621548627   	-15.3939537101832   	143.501583865258    	
-14.9838059386107   	-16.3996603673401   	143.506722665368    	
-15.7002846008762   	-17.3483240503103   	143.46439097701     	
-16.4769260169362   	-18.3419380951293   	143.504113252775    	
-17.2099944990142   	-19.3262745206409   	143.481833899071    	
-17.9384050822541   	-20.3390373706079   	143.518627922024    	
-18.6302328817215   	-21.390497407368    	143.518262850352    	
-19.3204143004014   	-22.4208098631761   	143.48533937491     	
-20.0676519187919   	-23.4536331718033   	143.505533913635    	
-20.815507538516    	-24.309013011812    	143.47031888257     	
-21.5141298591602   	-23.5460191068469   	136.495946372782    	
-21.1076701478196   	-22.3978985630403   	136.479580010729    	
-20.5574657845395   	-21.252185356735    	136.503959577747    	
-20.0400514900261   	-20.1676382050635   	136.540596478997    	
-19.4671398336732   	-19.0087571578459   	136.490940549505    	
-18.9053401559285   	-17.9320788427584   	136.480159166597    	
-18.2835365781528   	-16.8655225899768   	136.504333010647    	
-17.6545873646344   	-15.7732165070399   	136.500027371623    	
-17.0303183124195   	-14.6752989614486   	136.535429619148    	
-16.4035706774727   	-13.6040810433332   	136.467543807467    	
-15.7353436238656   	-12.5327093062546   	136.481366488592    	
-15.0521053067448   	-11.5046461819917   	136.538509191424    	
-14.3555193106495   	-10.482210385336    	136.502273851028    	
-13.5948471638631   	-9.45144797322802   	136.527844204103    	
-12.8763580403189   	-8.40596303001252   	136.518031907549    	
-12.0847121836968   	-7.43182032389865   	136.495839332231    	
-11.3387002694281   	-6.46267359708692   	136.517923286367    	
-10.5468250363666   	-5.52120496390884   	136.50296665556     	
-9.74214548464962   	-4.5311611128329    	136.484256484137    	
-8.91101306161536   	-3.58671020703178   	136.481683875558    	
-8.10222908383634   	-2.64622697694973   	136.51806497568     	
-7.20105295555233   	-1.80667020282454   	136.491367209341    	
-6.32967181874893   	-0.879756590547377  	136.480357868979    	
-5.45518672789434   	-0.0153636325761642 	136.508905356707    	
-4.4756185362374    	0.860346325823124   	136.520215794628    	
-3.55942317297736   	1.68586218200406    	136.464014538442    	
-2.63838462957253   	2.48172672395517    	136.518461679687    	
-1.70618010856242   	3.27146080963568    	136.537616725835    	
-0.700765621696506  	4.04767355872266    	136.488326746785    	
0.313498109721415   	4.78170268204208    	136.500348056855    	
1.35929445426796    	5.50840721342953    	136.468051485728    	
2.36532930051799    	6.19234622819657    	136.536997146391    	
3.44163122335787    	6.84176890565283    	136.520169331844    	
4.52332683153279    	7.48625758781791    	136.493300415628    	
5.61872551740621    	8.06135931275979    	136.518403615197    	
6.75554096496878    	8.68905010295522    	136.498175824666    	
7.87434535871914    	9.18966218743101    	136.48907084824     	
9.0106723932865     	9.69295567026098    	136.491719522298    	
10.1521865282341    	10.1265316600484    	136.479967901447    	
11.392836282011     	10.5456825192483    	136.4916070506      	
12.5732634639131    	10.894275108245     	136.515810375371    	
13.7737179279403    	11.2052520498114    	136.506588298298    	
15.0011767227381    	11.480477407246     	136.463921958493    	
16.2181177090252    	11.7144799571052    	136.496000750876    	
17.4936741247627    	11.8595619174991    	136.5005163504      	
18.6719226811275    	11.9414728490961    	136.500288089645    	
19.9717756448005    	11.9756297888332    	136.495433282399    	
21.2224521586198    	11.9511487548895    	136.495008313663    	
22.4225815175004    	11.875465450263     	136.496624522293    	
23.6887073894661    	11.7410755715921    	136.49106717672     	
24.9097846737086    	11.5759916361834    	136.509226331256    	
25.4541112682009    	11.0114379231276    	136.496324991462    	
24.1618278483625    	10.8326104995571    	136.51818300543     	
22.9673242857746    	10.6707888079982    	136.518919063085    	
21.7722131080595    	10.4511445338236    	136.497482163419    	
20.5200233527949    	10.1823308722181    	136.520738573322    	
19.3073838377888    	9.89103925567066    	136.53599469702     	
18.0883334185048    	9.49618182340848    	136.522990239151    	
16.9196870579073    	9.12463662402624    	136.499827427313    	
15.7811157298456    	8.70587234162432    	136.493197919933    	
14.5688649026779    	8.24936495001384    	136.463935548181    	
13.4304590601187    	7.76557388065158    	136.533784299199    	
12.296123178867     	7.26640679069894    	136.500572013118    	
11.1136366853024    	6.71363815095835    	136.508585224133    	
10.0462807756538    	6.13629377483873    	136.495045075158    	
8.94821955874214    	5.54056856796462    	136.506544973941    	
7.89879979948654    	4.8999875018673     	136.536572379637    	
6.78350611656337    	4.28646109533627    	136.503481476113    	
5.74860472936219    	3.62371622070808    	136.486630563871    	
4.67977249052453    	2.92208589169754    	136.504255076167    	
3.6430417279318     	2.21028274750909    	136.468086889305    	
2.65679664269802    	1.51654835804946    	136.497981205119    	
1.62897587842666    	0.784894212293413   	136.499665413735    	
0.626467296564154   	0.0344033097940316  	136.499930933205    	
-0.382433234810278  	-0.739530194230625  	136.518542814526    	
-1.34167738065169   	-1.54125128823049   	136.497296319735    	
-2.27867984622602   	-2.28623897190335   	136.481152370233    	
-3.21572515531979   	-3.1356711191952    	136.502234549042    	
-4.22439312365976   	-3.96051654653133   	136.497616512903    	
-5.12396830167568   	-4.8082128453629    	136.519763851748    	
-6.03401957584302   	-5.64422822455411   	136.535571105937    	
-6.91850208657879   	-6.5260040765554    	136.501826607192    	
-7.80943499786019   	-7.39098778297968   	136.502120678081    	
-8.68825457011212   	-8.27927866533881   	136.515971629697    	
-9.55596098424852   	-9.17279264823911   	136.500140959185    	
-10.4210790947151   	-10.0791999530542   	136.510676817113    	
-11.2942121724287   	-11.0038838921609   	136.497081325737    	
-12.1673574169816   	-11.9087053401888   	136.497816281629    	
-12.9955430773851   	-12.8502630580935   	136.479918146163    	
-13.7472643027233   	-13.7911939279555   	136.46252087922     	
-14.5982133381175   	-14.7354660854791   	136.481789517535    	
-15.3986280973078   	-15.6716025813869   	136.5090276762      	
-16.210345299205    	-16.7034942343904   	136.486165708328    	
-16.9644996018859   	-17.669087085102    	136.497482767122    	
-17.7623468070287   	-18.6382657519017   	136.51061233651     	
-18.4980981258327   	-19.6557507372721   	136.536506414514    	
-19.2327366492484   	-20.6125346958222   	136.452442242113    	
-19.9912854021856   	-21.6468622009917   	136.520620875918    	
-20.6487370691113   	-22.6852996865832   	136.501697375428    	
-21.4866020718941   	-23.4977925312009   	136.472847210107    	
-22.0843574072826   	-22.6881008822847   	129.526960901353    	
-21.7397994486427   	-21.5409541413272   	129.520222428193    	
-21.1892378514508   	-20.3964690762689   	129.491938524266    	
-20.617410618722    	-19.2249377757354   	129.516022285083    	
-20.1084789445518   	-18.155755133661    	129.50021756686     	
-19.4718324760307   	-17.0071105319965   	129.465792586394    	
-18.8883503814522   	-15.908939126739    	129.489089926737    	
-18.249009292343    	-14.8097772822234   	129.504638109511    	
-17.6513194707394   	-13.7270724119509   	129.500060509079    	
-16.9272187158793   	-12.6740476037806   	129.50721651135     	
-16.2541288520052   	-11.5957764199723   	129.52031273411     	
-15.5778870220127   	-10.5646605123754   	129.521949181081    	
-14.8812174712184   	-9.47961485388947   	129.481859194438    	
-14.1121121878425   	-8.50221710653585   	129.518824440251    	
-13.3594873116756   	-7.47654900288239   	129.493500619509    	
-12.6007670557506   	-6.48923271253352   	129.501863483101    	
-11.7850946159493   	-5.51101230288963   	129.527821348083    	
-10.9911275257738   	-4.55472569892594   	129.50039857961     	
-10.1389982295436   	-3.61663398822141   	129.500165164764    	
-9.27163151837916   	-2.71309922043158   	129.473067392414    	
-8.3988731308889    	-1.75967959985956   	129.50250889242     	
-7.49767250756892   	-0.900361957532754  	129.510570470824    	
-6.58964631720963   	-0.0416792779754481 	129.495421616391    	
-5.59881439001199   	0.804082524810669   	129.497997948439    	
-4.64225753775031   	1.62771118025884    	129.478041941536    	
-3.64066032393037   	2.43618232111956    	129.508568477417    	
-2.69763759281441   	3.17306554540675    	129.478366378883    	
-1.67028298173038   	3.91488203628872    	129.501953506673    	
-0.627625542353143  	4.6045003239793     	129.522654446656    	
0.422641092485284   	5.30823283430751    	129.495380129629    	
1.55175201211488    	5.94956348866507    	129.518488843215    	
2.62303790635564    	6.57359262402677    	129.501535641105    	
3.73873455321695    	7.15268785714144    	129.472532410581    	
4.84428732667617    	7.67202781868093    	129.508652163659    	
6.00781699045722    	8.20144739773071    	129.462687165682    	
7.18358678221051    	8.64578438194467    	129.479647110411    	
8.42066393678789    	9.08812979278273    	129.459331206124    	
9.5937160564977     	9.45107201633629    	129.504106686207    	
10.7942542291305    	9.74535850149565    	129.517598826022    	
12.0646135968119    	10.0264197635543    	129.523152927682    	
13.3377398173571    	10.2019693006147    	129.536570993065    	
14.5300607388501    	10.3608447893827    	129.48219644324     	
15.8255996133785    	10.4252026165536    	129.517901204874    	
17.037235832644     	10.4446245663619    	129.49501060152     	
18.36766863357      	10.4490753885123    	129.493230227708    	
19.6001812843641    	10.361863395929     	129.499608979035    	
20.8433182772875    	10.1912302423054    	129.497127831175    	
22.0761890412865    	10.0070125184013    	129.527329535534    	
23.3032546222652    	9.715587673021      	129.459168855302    	
24.5080824574305    	9.39131497814386    	129.481485755003    	
25.7491886880613    	9.03981060454604    	129.500625395969    	
26.8754841612088    	8.52179839444066    	129.497012239133    	
25.85196604288      	8.28229932177967    	129.467385178598    	
24.5748344624911    	8.27429410963072    	129.49807611445     	
23.2900856344902    	8.26586225647107    	129.527741392648    	
22.0520997409385    	8.16051915920154    	129.498097943012    	
20.8189819356855    	8.01978190017786    	129.508306573283    	
19.5971685001505    	7.84139090720831    	129.499872632947    	
18.3072345417587    	7.58867173276909    	129.510054169703    	
17.0656144569456    	7.40448381773278    	129.477030423904    	
15.8106300042591    	7.08784242036536    	129.500458459004    	
14.6372411625238    	6.74352489216036    	129.481214700507    	
13.4457744859728    	6.37737897146256    	129.502700240177    	
12.2420150585632    	5.96386988738866    	129.495419912318    	
11.0760896516272    	5.52471894933039    	129.46456425609     	
9.88585105972158    	5.07541143754221    	129.535995476592    	
8.73299786223599    	4.52736043441407    	129.469385939034    	
7.60908878623856    	3.97150238180947    	129.530216311692    	
6.46571750481631    	3.40638711932185    	129.479842904344    	
5.35283207242985    	2.84947607164364    	129.532016915774    	
4.25280909341746    	2.22056921336061    	129.520488118418    	
3.16276495756797    	1.58364622833025    	129.532256077204    	
2.09453481131618    	0.893826050835773   	129.525747209161    	
0.99683213438546    	0.255497339675054   	129.522978771101    	
0.0125127935442305  	-0.488177524150219  	129.515246638252    	
-1.05299335485369   	-1.22840231016686   	129.528838008715    	
-2.03112293156808   	-1.95220169996327   	129.510474329402    	
-3.01841470138788   	-2.72486311720257   	129.501985912685    	
-4.07292334872195   	-3.48694268112614   	129.515466912879    	
-5.03911212053201   	-4.25042359087024   	129.464039212768    	
-5.9902072786934    	-5.10579530496172   	129.527253359661    	
-6.94484741738924   	-5.9240524504024    	129.532181532022    	
-7.85775820044864   	-6.74605805443505   	129.491342858476    	
-8.7702917324603    	-7.6441391432713    	129.507964710928    	
-9.71709530081363   	-8.50222396981412   	129.500551445824    	
-10.6397789339783   	-9.38187791204821   	129.481333135509    	
-11.5187408106878   	-10.2581432218666   	129.497770610959    	
-12.4216475234105   	-11.1621870962991   	129.488976585461    	
-13.2514332725162   	-12.095161861739    	129.484560758378    	
-14.1122323960699   	-13.0446245635452   	129.513998767592    	
-14.9531852848693   	-13.9628470054488   	129.497791830792    	
-15.7627447230069   	-14.9275841249336   	129.502319955157    	
-16.5982621713199   	-15.8699347710738   	129.518742680156    	
-17.4041961899813   	-16.8408313468854   	129.508683841586    	
-18.2018126823119   	-17.8420811022964   	129.500176154796    	
-19.0098436282268   	-18.8253636200061   	129.523109186915    	
-19.7652730999491   	-19.8299209332861   	129.502674694672    	
-20.5169395266416   	-20.815542265735    	129.536960541074    	
-21.2643283537572   	-21.8228090079839   	129.518000160101    	
-22.1064140609029   	-22.6665622022897   	129.520026747238    	
