-14.7535925425793   	-28.6387626113497   	185.498303788467    	
-14.4459593273262   	-27.4825081469494   	185.534666764701    	
-13.9549192319762   	-26.3236982131866   	185.47056276954     	
-13.3914086867512   	-25.1160615700692   	185.499421195738    	
-12.8527891509249   	-23.9737856394378   	185.489221157493    	
-12.3115811288871   	-22.8028745588791   	185.494465656446    	
-11.8178296064025   	-21.5987856677904   	185.499325501923    	
-11.2448159634464   	-20.4288007876978   	185.482660669146    	
-10.6957260164294   	-19.2621741008039   	185.500841604121    	
-10.122059084142    	-18.0978380433535   	185.513397904108    	
-9.59907532504657   	-16.9372978139777   	185.498394564411    	
-9.03860095158433   	-15.7475905458678   	185.490628432502    	
-8.4218860676726    	-14.6463019804442   	185.494956283121    	
-7.90256912123332   	-13.4565261431399   	185.465024996542    	
-7.33126522008636   	-12.3280229467925   	185.520087095275    	
-6.72597657271613   	-11.1609195334443   	185.520146586309    	
-6.14448793728672   	-10.0300821041046   	185.486736570986    	
-5.54874762141802   	-8.86229176296259   	185.528302722688    	
-5.00187045612485   	-7.68757082777194   	185.495778949229    	
-4.3685143537681    	-6.6011345470983    	185.513394162368    	
-3.73959150370916   	-5.44488951590581   	185.524053306178    	
-3.17331151873281   	-4.30319345007608   	185.495667005575    	
-2.54785216443377   	-3.16778992054983   	185.501878305799    	
-1.95262102532606   	-2.01470616497258   	185.492330821862    	
-1.32319963034138   	-0.901815371600276  	185.488857095239    	
-0.705410085055445  	0.255107414078395   	185.483898487627    	
-0.106384265881241  	1.35047304439601    	185.529562191084    	
0.504657936554502   	2.47190214266816    	185.498572127786    	
1.1708218891005     	3.6309782628883     	185.506235912555    	
1.81173406039881    	4.71878118605721    	185.477648477584    	
2.41124125192588    	5.85693141618154    	185.522821946519    	
3.06726809133898    	6.99765973773687    	185.516910129206    	
3.69494868126811    	8.06957777613688    	185.528129872046    	
4.3734297994801     	9.19548159061722    	185.501055032571    	
5.03424786822155    	10.3438902185582    	185.486689902209    	
5.6650180903466     	11.421307553004     	185.501957113544    	
6.2601931653156     	12.5573018146582    	185.523537664154    	
6.96547526433471    	13.6460664890278    	185.463796641737    	
7.55054501650824    	14.7520916391505    	185.490444432832    	
8.23914331236308    	15.8895252683615    	185.504686467029    	
8.92268275747499    	17.0127784292821    	185.532216184483    	
9.55620703736997    	18.1373868948632    	185.456139203245    	
10.1859101495743    	19.2058896334075    	185.512968088006    	
10.832874897847     	20.3271771343231    	185.477663809419    	
11.5180598587439    	21.47468139199      	185.4860844135      	
12.1246295383797    	22.6098568695853    	185.489046182292    	
12.7394111291137    	23.6748750653256    	185.513206132956    	
13.3980594158197    	24.823587811225     	185.480815836561    	
14.038325892193     	25.9704677320946    	185.506931653933    	
14.6455021563505    	27.0761805945874    	185.487160032407    	
15.0681799576559    	26.9308731430306    	185.514486706655    	
14.4610880511232    	25.7665813014228    	185.471701288681    	
13.8559037934222    	24.6284517081925    	185.499934265757    	
13.27139788907      	23.4510610214245    	185.512085704694    	
12.6887665828962    	22.3067115705109    	185.524234779681    	
12.1507857630454    	21.1736774285654    	185.53298279122     	
11.4962626010116    	20.0666044791293    	185.528060126963    	
10.9149169659728    	18.9007299995195    	185.491102812976    	
10.3108095301133    	17.7651457544521    	185.505419914131    	
9.67351233591854    	16.622262541018     	185.519137334083    	
9.06261786614319    	15.5234788031588    	185.492129300025    	
8.43468345880565    	14.4422095603277    	185.513401933851    	
7.81590661964753    	13.2479193394682    	185.48591504551     	
7.22146859094497    	12.1465992517009    	185.502856367289    	
6.5417078262799     	10.9903325185763    	185.517574566413    	
5.95227786563227    	9.83385058500643    	185.476882561483    	
5.32844162659195    	8.77996888498465    	185.495351629295    	
4.70298654020169    	7.64382086076027    	185.48662311748     	
4.04782149471588    	6.46368896464298    	185.519745109174    	
3.43803675273405    	5.38989390249608    	185.487088871433    	
2.78441517772604    	4.26040160670849    	185.506638973774    	
2.18128910748559    	3.07592171314559    	185.49442108741     	
1.50634470670608    	2.0054305384801     	185.498208619456    	
0.955282272609539   	0.861882969103907   	185.477080561352    	
0.269077584124537   	-0.274301887557449  	185.522146277421    	
-0.290781970113848  	-1.40796592602251   	185.491585219625    	
-0.95802112957829   	-2.55500194129261   	185.50558599762     	
-1.57104572084728   	-3.65717939697507   	185.501966790716    	
-2.18125721481544   	-4.81969246164743   	185.476996957786    	
-2.81656160534989   	-5.86608513791518   	185.487615212985    	
-3.41638591477763   	-7.0029168545728    	185.52266906299     	
-4.01842036086181   	-8.19141857784613   	185.486798722399    	
-4.63329029053741   	-9.32015209150747   	185.493336488498    	
-5.264944848233     	-10.4358328809286   	185.474606493731    	
-5.87818421627968   	-11.5914047916814   	185.48754933206     	
-6.46268897536262   	-12.750817589575    	185.485473942012    	
-7.08423978727646   	-13.8622585740356   	185.534866367559    	
-7.67092420855695   	-15.0181116162588   	185.479173122325    	
-8.27892235324936   	-16.1225583226646   	185.520542226509    	
-8.83170480830915   	-17.302887581277    	185.533072660149    	
-9.42229047719181   	-18.4348604381416   	185.501718736584    	
-10.0601485600435   	-19.6148049558285   	185.503689045535    	
-10.6150905233212   	-20.7234340243998   	185.505050632619    	
-11.1660867038943   	-21.8573384320713   	185.484375253548    	
-11.765367309031    	-23.0523235650496   	185.509022092382    	
-12.3186705486496   	-24.1928549771407   	185.525974202282    	
-12.919076004182    	-25.3495853120792   	185.509297834766    	
-13.5328621325764   	-26.4926932560723   	185.500280729529    	
-14.0545105760628   	-27.6822135316618   	185.484741282879    	
-14.7886921242676   	-28.623071004692    	185.488692854364    	
-15.7466095538174   	-27.8381413671324   	178.501197264587    	
-15.4337524491572   	-26.724313783862    	178.492208608622    	
-14.8831412711305   	-25.5570669624721   	178.504008703872    	
-14.3485483054888   	-24.4382142174908   	178.520257086861    	
-13.8216495512928   	-23.2427063619236   	178.495944765765    	
-13.231533388715    	-22.0921040919197   	178.504299891801    	
-12.7340584079327   	-20.9064001143439   	178.486467872122    	
-12.134393834338    	-19.7919611886163   	178.481996215305    	
-11.5605689116953   	-18.6448672155896   	178.510996535339    	
-11.0316382548164   	-17.4780708317568   	178.49638538088     	
-10.4189862326928   	-16.3518661106408   	178.492136225753    	
-9.85498877946928   	-15.2268195254872   	178.469935816954    	
-9.24434370392723   	-14.092346207937    	178.505715840087    	
-8.66209991235902   	-12.987869093614    	178.493561559149    	
-8.03884908465015   	-11.8024134988433   	178.469277501123    	
-7.40406415949992   	-10.7390324640685   	178.504668721323    	
-6.78160733152151   	-9.58618008632078   	178.529178599381    	
-6.18029519038617   	-8.48340900650501   	178.492378984957    	
-5.54431523079828   	-7.39284546958252   	178.510495038601    	
-4.94511938334224   	-6.24324768628555   	178.538321182196    	
-4.28076818439884   	-5.14591707490411   	178.496040391921    	
-3.60938810087539   	-4.05495678056373   	178.488458578934    	
-2.94304977327581   	-2.96825643695343   	178.500229773098    	
-2.32319759975732   	-1.86287345076389   	178.512737664624    	
-1.64079873628217   	-0.729760514077343  	178.514301572811    	
-0.962343424897011  	0.324561796505884   	178.520706843498    	
-0.288952578177496  	1.39540569331187    	178.51379766592     	
0.360420706813566   	2.51793455396483    	178.495962533757    	
1.05316205589272    	3.54819357405063    	178.492044466436    	
1.77844611430679    	4.62734768867245    	178.479383645732    	
2.47463996618816    	5.70541056224548    	178.510217646472    	
3.17172415101203    	6.77802878918625    	178.503947538639    	
3.85303815315131    	7.85453749068596    	178.487575431199    	
4.57469539488202    	8.87220001465654    	178.486504091549    	
5.28108081155911    	9.94251366588852    	178.51627415492     	
5.98510906244867    	10.999217585481     	178.483381402806    	
6.74237708676219    	12.0540089171863    	178.504097506156    	
7.43370146693191    	13.1479392416858    	178.480838450602    	
8.20650960817787    	14.1779832895323    	178.505299546693    	
8.92695470511358    	15.2348429589252    	178.521891102471    	
9.66213972100797    	16.2906661672571    	178.500391970665    	
10.3989068775179    	17.318105062791     	178.490995196493    	
11.1051827147424    	18.3632343254721    	178.499998808323    	
11.8996808232446    	19.4126076516347    	178.503672943732    	
12.6169649619613    	20.4491818995253    	178.516384483436    	
13.3594320095996    	21.4642006629602    	178.505598151759    	
14.085337880813     	22.4823035376567    	178.492785573071    	
14.83660994083      	23.5529209104067    	178.504191252849    	
15.5794895736433    	24.5518429703074    	178.525255239736    	
16.3075845064938    	25.6007028693434    	178.483205176811    	
16.780331406512     	25.5246002802537    	178.511712928121    	
16.075759768849     	24.4388956376743    	178.521764516522    	
15.3923058443392    	23.3446884369892    	178.533253764469    	
14.692699950432     	22.2716906916348    	178.494157364414    	
14.0324613867859    	21.2177940107446    	178.485809563953    	
13.3373548373113    	20.1331008269336    	178.514189708494    	
12.643172396346     	19.0648112618841    	178.498826534191    	
11.9676733829538    	17.9847264663171    	178.511738478875    	
11.243640873538     	16.8982029187811    	178.488446119446    	
10.6083204627239    	15.8669761412167    	178.50943047839     	
9.84528773537642    	14.729826975225     	178.525629037315    	
9.20147849242412    	13.6892944551601    	178.486880056549    	
8.48760187986751    	12.6137002766207    	178.45686794863     	
7.81919113996021    	11.5664030184395    	178.502918206856    	
7.09600889708939    	10.4588037079099    	178.499161152434    	
6.43454121717126    	9.40139877662412    	178.492962470871    	
5.69210013360306    	8.32748006183094    	178.525838154466    	
5.02730052639404    	7.22371164778884    	178.514194252621    	
4.34866088829797    	6.15989086098819    	178.510909196201    	
3.60684398216298    	5.08545254953097    	178.470012233048    	
2.91460112764138    	4.00690630677792    	178.491833616349    	
2.27865944331137    	2.94185840005179    	178.51580155065     	
1.54462357342735    	1.85105046470336    	178.458705471277    	
0.840668803597969   	0.776230174949132   	178.476834381502    	
0.185054156850295   	-0.332253245547714  	178.472954767701    	
-0.478734352137791  	-1.36386623538782   	178.514694234172    	
-1.16924946343297   	-2.49156274965293   	178.486899031077    	
-1.828543877999     	-3.54196268802218   	178.526517001893    	
-2.45290170177099   	-4.64887462069231   	178.487801197212    	
-3.18284357856201   	-5.75076136123612   	178.515081142525    	
-3.81220437158221   	-6.8431171130022    	178.4968341254      	
-4.43685529473734   	-7.97953752562457   	178.512721277634    	
-5.1387665193599    	-9.02767072693188   	178.512286417312    	
-5.80119248494066   	-10.1157603777179   	178.47167510849     	
-6.41210746347818   	-11.1970972405881   	178.499771874793    	
-7.06539657016532   	-12.3393372482215   	178.512703798457    	
-7.69383839138982   	-13.4507136507407   	178.497918855718    	
-8.32230654626904   	-14.5629404162047   	178.474419811072    	
-8.9590600550842    	-15.694067890193    	178.531459120754    	
-9.59362536290818   	-16.7891232140371   	178.510352612586    	
-10.1940084533084   	-17.8921173637559   	178.513069783259    	
-10.8092596999073   	-18.9806951850831   	178.493989408317    	
-11.4285862643881   	-20.1520450958852   	178.515880381047    	
-12.0628940149067   	-21.2555328592251   	178.508904831431    	
-12.6979019577807   	-22.3808946913271   	178.49626368866     	
-13.2590130983214   	-23.5027776146149   	178.513100202385    	
-13.8506792724387   	-24.6580953374677   	178.502488381729    	
-14.4454390609753   	-25.7752008856305   	178.465829053112    	
-15.0346362823085   	-26.9436811863396   	178.53555656354     	
-15.7175434935454   	-27.8700928271762   	178.497631427618    	
-16.7100595884907   	-27.1359018284131   	171.475257124766    	
-16.4126975999398   	-25.9702242224065   	171.520392180248    	
-15.9029130637261   	-24.8403906824334   	171.501630694901    	
-15.3401187529399   	-23.6938495479892   	171.546068831906    	
-14.7499897415755   	-22.5313157629841   	171.520659047336    	
-14.1902789057661   	-21.3654105153144   	171.5157533146      	
-13.6374606838333   	-20.2629569025896   	171.510192513587    	
-13.0104244642647   	-19.0826210104792   	171.535582762633    	
-12.4347251972105   	-17.9631776776491   	171.480778482926    	
-11.8700853829261   	-16.8200517684175   	171.502500723742    	
-11.2709445810051   	-15.7329024426793   	171.515365015431    	
-10.7027113078212   	-14.6470141868842   	171.517669282423    	
-9.99788991335591   	-13.5758449738749   	171.496007337573    	
-9.41730477817475   	-12.4432368838326   	171.514809673572    	
-8.76337771017069   	-11.3600260682761   	171.500787387847    	
-8.09802422068471   	-10.2039056877894   	171.498766919871    	
-7.42258250924329   	-9.16898901571214   	171.506777673181    	
-6.76976980210839   	-8.04810174230146   	171.514660485585    	
-6.13358993452952   	-6.92589361194769   	171.497799925333    	
-5.42979044418699   	-5.8760215007842    	171.493995579492    	
-4.77819702173011   	-4.85001578632047   	171.503835864699    	
-4.08796050941322   	-3.77969709880524   	171.470898421236    	
-3.37854576408927   	-2.71126863285333   	171.524187651425    	
-2.63918634871845   	-1.6438893043379    	171.489958276012    	
-1.94817939530329   	-0.590778079601967  	171.497917487487    	
-1.24633594689894   	0.481946266941521   	171.501447982777    	
-0.480269502266682  	1.51469329323211    	171.511858636457    	
0.253470930924097   	2.54068891699326    	171.505862311486    	
0.9849477848618     	3.5652838776158     	171.472877798506    	
1.75776938859272    	4.57269382350944    	171.493583673604    	
2.52864129413653    	5.58424221057612    	171.512603627374    	
3.25579251021101    	6.63366765283821    	171.51849008697     	
4.01881768954398    	7.66080281382967    	171.497559155488    	
4.81983890636647    	8.6082412779292     	171.531224071667    	
5.62331583231769    	9.62630360617454    	171.498952962127    	
6.39484735260682    	10.6287773840708    	171.529638448305    	
7.20007986261903    	11.6296647533573    	171.525569691636    	
7.97541277544877    	12.6208053444963    	171.480097899059    	
8.80670814656267    	13.6075471325448    	171.479535719876    	
9.62532785829354    	14.5988466987429    	171.527733611852    	
10.4571712126052    	15.5245933379802    	171.489007404028    	
11.2710743955113    	16.5136103272055    	171.474333901895    	
12.0969437159226    	17.4651311459721    	171.51213368254     	
12.8981093481103    	18.4022921421598    	171.498033883156    	
13.7684805787666    	19.3915702828662    	171.482367004264    	
14.6066601395325    	20.3211668637282    	171.491862406078    	
15.4301048061437    	21.3005039562686    	171.517904529001    	
16.2750727452902    	22.242973821186     	171.508533372489    	
17.0988697962794    	23.17268799564      	171.493794129287    	
17.9675511399354    	24.163108148617     	171.511287293924    	
18.4819737072764    	24.0466189935287    	171.486166022728    	
17.7304458079295    	23.0456640458388    	171.506987706415    	
16.9142872276768    	22.0591738581156    	171.473929894731    	
16.1336004630352    	21.0523278222206    	171.485596989867    	
15.3706814911258    	20.0390610262948    	171.528890140741    	
14.5719430874807    	19.0264679703183    	171.504319374311    	
13.8286881300914    	18.0365840043332    	171.491798639857    	
13.046792943275     	17.0224008631575    	171.529739659021    	
12.275482722364     	15.9937665945687    	171.491925691512    	
11.4879733489024    	15.0029826397105    	171.511806400354    	
10.7062407368238    	13.9887101181862    	171.50944755298     	
9.90439904541235    	12.9868398727565    	171.468721387923    	
9.16331270327374    	11.9723746707904    	171.508007453223    	
8.39317802116368    	10.9565410696378    	171.507067739803    	
7.63035063487468    	9.94988289949818    	171.530966603469    	
6.86589130254949    	8.96485014890206    	171.493828681705    	
6.09413408308396    	7.93479433620681    	171.495793200781    	
5.34313864323012    	6.91190681766375    	171.512715538398    	
4.59921221478907    	5.89456846021903    	171.476819174203    	
3.82104690591732    	4.87805034234772    	171.510031365936    	
3.10683514185455    	3.82005059099068    	171.478322762277    	
2.32209127714458    	2.81914523637643    	171.471957065781    	
1.62773891934579    	1.76341172570671    	171.535014305428    	
0.902095785763151   	0.756085707201457   	171.505180200002    	
0.10535540765523    	-0.336085139314959  	171.514821692531    	
-0.581497241080954  	-1.35940633190043   	171.50355113503     	
-1.31364457502785   	-2.39459122932605   	171.499402525938    	
-2.05628085842131   	-3.45657094307233   	171.5053226917      	
-2.80628069322104   	-4.49732360414967   	171.491164101507    	
-3.46062603565993   	-5.53779989363876   	171.4797935143      	
-4.17314435851013   	-6.6058437837967    	171.484513264378    	
-4.89019276513987   	-7.69291116249864   	171.513961870423    	
-5.60873046858101   	-8.71436010873029   	171.475455835534    	
-6.30272302753343   	-9.7660277530604    	171.501311008484    	
-6.98596448081676   	-10.8424183864801   	171.516833069697    	
-7.64194963600852   	-11.9221591757217   	171.512944209568    	
-8.34527242580951   	-12.9969269797517   	171.51136955432     	
-8.98693201770484   	-14.0563608243171   	171.518697793882    	
-9.67546577597907   	-15.2016420054777   	171.492434588986    	
-10.2767206103997   	-16.2501118950571   	171.506969113703    	
-10.9870043009114   	-17.3530797064737   	171.5013798205      	
-11.6161450653992   	-18.413405673681    	171.52900324912     	
-12.2579928872089   	-19.5270263657967   	171.491832021188    	
-12.8859133681709   	-20.6403623742532   	171.475819477695    	
-13.5364388337708   	-21.7454560068772   	171.509921963811    	
-14.1887923411749   	-22.8261083922518   	171.46481822826     	
-14.7872469684633   	-23.9192297203964   	171.521741706541    	
-15.4224279065423   	-25.0631085034007   	171.507245566269    	
-16.0001578713913   	-26.1674282020532   	171.479579613949    	
-16.6989656098261   	-27.1281493884774   	171.461730583084    	
-17.7210204106667   	-26.3655562718379   	164.505784159227    	
-17.407905566113    	-25.199634715675    	164.491172529876    	
-16.8383326765995   	-24.0802565020923   	164.519835402826    	
-16.2696231235803   	-22.9432297984593   	164.506037064529    	
-15.7011073517596   	-21.788410590626    	164.492399886638    	
-15.1729826544388   	-20.6621584192226   	164.537402477286    	
-14.5380114697069   	-19.5919842366301   	164.534554837636    	
-13.9641572138273   	-18.4557758098204   	164.528651663113    	
-13.3506200818291   	-17.3193975709862   	164.520616988059    	
-12.7460136513828   	-16.2156682809752   	164.463598947378    	
-12.1171284722325   	-15.1051638732701   	164.493649532869    	
-11.493671001282    	-14.0680063135593   	164.48215894336     	
-10.8315230621171   	-12.9518112685855   	164.549250353839    	
-10.1970559468054   	-11.8857225343468   	164.50870907701     	
-9.51188744605201   	-10.8225018805439   	164.497569860799    	
-8.87969235643663   	-9.72137594316796   	164.508323160171    	
-8.16425562296641   	-8.68894065490131   	164.491613566121    	
-7.45226859397294   	-7.61437866684914   	164.523831595304    	
-6.72578871097732   	-6.54140252102432   	164.527132923364    	
-6.03697996570559   	-5.50089167414628   	164.474632352407    	
-5.28483379465175   	-4.48916967253031   	164.516003727295    	
-4.59049391613465   	-3.47876528454156   	164.525969291484    	
-3.82460423758099   	-2.43273909425234   	164.48394248394     	
-3.08479850371372   	-1.44283227629083   	164.472136060294    	
-2.31529127855436   	-0.418313057185108  	164.495554465199    	
-1.52539961631288   	0.550942879832717   	164.521361905022    	
-0.738674014951735  	1.58595860119945    	164.51163114112     	
0.0142210638033325  	2.53706854570082    	164.494789613471    	
0.814885048862086   	3.52401274616334    	164.460819226034    	
1.63281227787294    	4.4962019651421     	164.487135394679    	
2.45081572336369    	5.46226196831875    	164.479053043891    	
3.28760020904457    	6.42445371770347    	164.481088231105    	
4.11911506005608    	7.31659028216113    	164.494707713369    	
5.00501841966257    	8.33981124499621    	164.459966148275    	
5.8189225255212     	9.19556004008281    	164.512722816777    	
6.68550914884518    	10.1448073386688    	164.505615833001    	
7.53566070667162    	11.0211036773884    	164.527451375465    	
8.45501083416403    	11.9942569941954    	164.522330383064    	
9.3512778845452     	12.8947273734286    	164.475025730006    	
10.2289976073228    	13.7736578487589    	164.52885527454     	
11.1089224730444    	14.6034618984884    	164.503679318876    	
12.0783908981246    	15.5464521621489    	164.525882603479    	
12.9680717324646    	16.3805091561222    	164.525044766309    	
13.8612820395731    	17.2685578100022    	164.534800061697    	
14.8298652931894    	18.1036325584324    	164.513979670658    	
15.73864716966      	18.990361801567     	164.480414447389    	
16.7150749106719    	19.8029223618338    	164.504302597095    	
17.6329932525522    	20.6118883208158    	164.520063544489    	
18.5819635947925    	21.4574644329613    	164.509207896712    	
19.5014811214149    	22.2736094159056    	164.467886280434    	
20.2137010589914    	22.2297636683618    	164.499256591697    	
19.2754000589546    	21.3899826477956    	164.494077428648    	
18.3908108522715    	20.4869173635917    	164.514106871811    	
17.5346380158562    	19.5526211091488    	164.519253658499    	
16.6880069157955    	18.6546547288995    	164.479903316074    	
15.8024167479109    	17.6888348453059    	164.507757137336    	
14.94017218863      	16.7566486924623    	164.497341517314    	
14.1092711714863    	15.8507450313876    	164.522231353342    	
13.2321269043295    	14.9711422360785    	164.511989456192    	
12.3319322652987    	13.9996423233001    	164.507372901929    	
11.4873738174359    	13.0625877065792    	164.488159724883    	
10.6374384563526    	12.1509712049768    	164.486763221973    	
9.84100248185171    	11.2068055762652    	164.505531351722    	
8.99143057815361    	10.2638257958401    	164.514425073482    	
8.13659608048527    	9.32284572222149    	164.480917042655    	
7.30286165409259    	8.42010138197872    	164.507111873095    	
6.48504474313933    	7.41489622559431    	164.501158056622    	
5.6428092356073     	6.45840321079123    	164.502593117334    	
4.79216245803569    	5.51360019160074    	164.50144496745     	
3.99031222505678    	4.5370581757022     	164.487203959855    	
3.19261257314731    	3.5898415905959     	164.48536300147     	
2.37398365877053    	2.59819209059259    	164.485953566319    	
1.62142744143477    	1.63277085961865    	164.481827585486    	
0.7872042657967     	0.647349069709688   	164.52539807554     	
0.0292035777096095  	-0.340892624153765  	164.49820380129     	
-0.772784445873678  	-1.31949757403206   	164.522931166621    	
-1.58063084583833   	-2.33855056360062   	164.493202399176    	
-2.32013449845307   	-3.36013233049077   	164.47935395107     	
-3.08396352616451   	-4.3666619877745    	164.516305968483    	
-3.82126524103398   	-5.3638202342058    	164.502973561883    	
-4.5762919078705    	-6.35942324076081   	164.518070483298    	
-5.31395251336153   	-7.38747537188161   	164.483262248325    	
-6.08047132232739   	-8.42978526180945   	164.48110971829     	
-6.83879346524008   	-9.43666937081206   	164.51852732321     	
-7.51550330827005   	-10.4740234887895   	164.497633018411    	
-8.26423818611427   	-11.5135109987239   	164.526200193196    	
-8.95887428910206   	-12.5518801204489   	164.507648543053    	
-9.70350691118075   	-13.6409356440841   	164.491747162391    	
-10.3798510561821   	-14.6683963730969   	164.487240477431    	
-11.0446652440498   	-15.7232564214151   	164.522824953218    	
-11.754290657208    	-16.799070995302    	164.483810109131    	
-12.4542298514453   	-17.8720037733015   	164.481587009987    	
-13.0954675658258   	-18.9067269947855   	164.480178182701    	
-13.7435277332219   	-19.9765648338536   	164.455301828927    	
-14.439600516078    	-21.075300388455    	164.514131398009    	
-15.0878819688175   	-22.1503882721331   	164.48330016493     	
-15.7223092915054   	-23.2273368615734   	164.495057126266    	
-16.3531713214846   	-24.3399911105877   	164.48603127612     	
-16.9520662200423   	-25.4478634124131   	164.468903343778    	
-17.7289793472345   	-26.3489369167632   	164.496800485086    	
-18.7131323825576   	-25.6248313439119   	157.51359287962     	
-18.4192610934254   	-24.4983294079889   	157.504229540856    	
-17.8586389543463   	-23.3964384457225   	157.503089532345    	
-17.3356176389514   	-22.2517674189955   	157.504707577414    	
-16.7102114512576   	-21.1364927909411   	157.517738276979    	
-16.1654115332878   	-20.0121486372349   	157.47644271729     	
-15.574873349983    	-18.9363297562843   	157.495037457305    	
-14.9722780134854   	-17.8246486327729   	157.506982066167    	
-14.3536034861109   	-16.7453221579071   	157.505485817042    	
-13.7150103693707   	-15.6585317048175   	157.496239910187    	
-13.0645890297208   	-14.5775135963298   	157.478428386038    	
-12.4456097452546   	-13.4970767384832   	157.524832007508    	
-11.7952984835427   	-12.4650430546998   	157.50560195584     	
-11.0917533547415   	-11.4005261372241   	157.522369594544    	
-10.4178578053183   	-10.3632758354536   	157.509914111434    	
-9.7252025325828    	-9.30489846516302   	157.53050016109     	
-9.04143077521326   	-8.30845247054084   	157.52898586311     	
-8.25591203648032   	-7.23461566322024   	157.491236643907    	
-7.55117172788829   	-6.22393340365501   	157.484961057695    	
-6.84306056887905   	-5.24812318300245   	157.479803459665    	
-6.06184249628625   	-4.27410952997965   	157.470890058133    	
-5.32643426721086   	-3.30025427267806   	157.510112579958    	
-4.52632020553242   	-2.28069964639101   	157.530312976724    	
-3.70630828949991   	-1.32605616431351   	157.488647125866    	
-2.9140588166772    	-0.33575733232284   	157.461944622601    	
-2.14413142825344   	0.633324383576319   	157.500857766017    	
-1.28447212558136   	1.56565630386465    	157.482057063052    	
-0.446450321985532  	2.48636181475826    	157.436755569049    	
0.399159569280512   	3.35177364091019    	157.478240220463    	
1.29630769844126    	4.28510689590033    	157.524817493789    	
2.15250869609127    	5.17701128933785    	157.484891821543    	
3.01706274149989    	6.07850590458113    	157.538927147391    	
3.93009117683094    	6.92050785900405    	157.476038943491    	
4.83604234213       	7.85697274732008    	157.511774496362    	
5.72205184040572    	8.66455414417661    	157.509867984855    	
6.6730397316156     	9.49266685275139    	157.477153762875    	
7.58108002057381    	10.2961908037766    	157.49356794522     	
8.55999680905878    	11.1421011230078    	157.478973307341    	
9.48661508471064    	11.9167864220671    	157.48970396945     	
10.5244759405426    	12.692976230311     	157.519452265913    	
11.5254885509197    	13.5046466522826    	157.494370206677    	
12.5001023130747    	14.2425326686898    	157.482179215127    	
13.4997526410437    	14.9764379704265    	157.492494019868    	
14.4793395628095    	15.6875449054458    	157.472489885885    	
15.5527358181164    	16.4157117582897    	157.46026209145     	
16.6023444355593    	17.0685051283134    	157.489533323782    	
17.6033679618213    	17.7493458188521    	157.522701947471    	
18.6704406646094    	18.3855560144714    	157.511609682902    	
19.8252211210238    	19.0165842118008    	157.503956919953    	
20.8806601524966    	19.6282322815295    	157.480932630454    	
21.781210044872     	19.682975486983     	157.477422499438    	
20.7977781705339    	18.9437992789645    	157.500158161871    	
19.8249302735779    	18.1867332866006    	157.54266404606     	
18.8645923213777    	17.3990121336544    	157.510939954384    	
17.8296103835607    	16.6216135959496    	157.483762882693    	
16.8608405449141    	15.8392139907172    	157.509358059194    	
15.8872537817655    	15.0537228737911    	157.5039256739      	
14.9703498026923    	14.2726240617875    	157.504972950402    	
13.9909850619519    	13.4426136358692    	157.526497655381    	
13.0386286465221    	12.6752425228163    	157.500383442045    	
12.1056029570629    	11.799813065106     	157.50981093889     	
11.1569401330509    	10.9576729597611    	157.517848478857    	
10.2728930890062    	10.1436162827212    	157.470096969708    	
9.31154077669       	9.28935338186161    	157.511806219502    	
8.45002610110881    	8.41135243052204    	157.485597225279    	
7.54693287537076    	7.52860944659624    	157.503390964084    	
6.62767505226384    	6.62964898529128    	157.519076030422    	
5.74886384826924    	5.8034301730314     	157.523544384018    	
4.84607624062946    	4.90284351418564    	157.518839115275    	
3.97983026047605    	3.97070492315579    	157.481683010227    	
3.13889708219714    	3.09232723928001    	157.488576916402    	
2.26194578523164    	2.17991843891688    	157.509966397519    	
1.45674188881561    	1.24976637659246    	157.506289585787    	
0.586707794959784   	0.321986078631664   	157.481404752049    	
-0.244128680905002  	-0.597352771364792  	157.516898287294    	
-1.06281637056565   	-1.49687849803777   	157.525153885425    	
-1.93827764509833   	-2.46314309050294   	157.508185103202    	
-2.71817346016209   	-3.41369111448712   	157.511113852266    	
-3.53452169619079   	-4.35773329557547   	157.515823359736    	
-4.32328699705973   	-5.30992440269576   	157.468208052634    	
-5.09210920157755   	-6.34141986780728   	157.504948015663    	
-5.92165605994395   	-7.26610383571848   	157.483713255061    	
-6.70406077803261   	-8.2195688705562    	157.495374671301    	
-7.42743421053689   	-9.19975684101314   	157.524200777236    	
-8.17944257581936   	-10.250970959758    	157.481561851143    	
-8.98304560131811   	-11.2506767405132   	157.505221923784    	
-9.69762437082372   	-12.2455844046725   	157.471925418435    	
-10.4300067812019   	-13.2386043062761   	157.488190245969    	
-11.1936100228513   	-14.2506358979342   	157.501544562115    	
-11.872089595873    	-15.261330001204    	157.485100922628    	
-12.5851751183156   	-16.3428861817706   	157.502970375382    	
-13.3219828360515   	-17.3174543317036   	157.496632704098    	
-13.9912359668934   	-18.3760784548195   	157.493624689421    	
-14.6649326758603   	-19.3898355729029   	157.486880980984    	
-15.3740094962153   	-20.4968657996105   	157.497214413842    	
-16.0508406697817   	-21.5338015086593   	157.494849445581    	
-16.7091223990242   	-22.5497472226028   	157.490841968099    	
-17.3630505084787   	-23.6430918001224   	157.504433047706    	
-17.960867358833    	-24.7228321138324   	157.493382759151    	
-18.7636429287483   	-25.5962088557234   	157.49241781962     	
-19.756540150082    	-24.9266535786922   	150.519646288442    	
-19.4302509870939   	-23.8051059056529   	150.502244127311    	
-18.9070394563535   	-22.6758151176691   	150.474262413136    	
-18.3180511097734   	-21.6031841953114   	150.482187207741    	
-17.7637504404068   	-20.445432022441    	150.510897437323    	
-17.1995186950785   	-19.3945927521967   	150.488256939126    	
-16.60534267778     	-18.2453626538757   	150.508368052061    	
-16.0407726827699   	-17.1939762700817   	150.527145526471    	
-15.3425080646667   	-16.073522855167    	150.484313542005    	
-14.7704195408471   	-15.0383595414616   	150.503260245849    	
-14.1119834801426   	-13.9525060349342   	150.527757134854    	
-13.4418511822605   	-12.9563976405991   	150.494724105779    	
-12.7698953200867   	-11.873603185763    	150.537330586539    	
-12.0894464821569   	-10.8445647700905   	150.468720425671    	
-11.3965988734816   	-9.79629139874681   	150.509070936713    	
-10.6980310849543   	-8.82693588251346   	150.491034386474    	
-9.95889125520637   	-7.81115901103649   	150.471961075061    	
-9.21550770876528   	-6.80908202628858   	150.498108178415    	
-8.44569263169413   	-5.84023678392095   	150.483749311427    	
-7.68220973040804   	-4.83613094051223   	150.493980098636    	
-6.90409454308887   	-3.88724603591834   	150.504518231622    	
-6.10162976283064   	-2.95120191508849   	150.497658651138    	
-5.27405218152815   	-2.00567885860983   	150.473350754942    	
-4.44837645721711   	-1.0682497107143    	150.484330914476    	
-3.60077323962389   	-0.1358111921196    	150.488044714802    	
-2.7388840356267    	0.784886416746669   	150.457551139138    	
-1.9086232320038    	1.62625044476893    	150.505392515795    	
-1.02879184153611   	2.52204909881731    	150.523629736748    	
-0.139876278264132  	3.34732875834472    	150.536114078911    	
0.760317451325382   	4.222031471835      	150.512402986615    	
1.68917636974255    	5.06044382479096    	150.497922462804    	
2.67253806134719    	5.91251655109351    	150.491988316145    	
3.61887048775331    	6.66642468017385    	150.503441806239    	
4.57268730019263    	7.43983317488138    	150.496252397036    	
5.5815123758392     	8.1944093982147     	150.502630207253    	
6.54346552819853    	8.94576874743985    	150.517677394509    	
7.56225031746077    	9.66117839722743    	150.514962276562    	
8.59173958282682    	10.350642066028     	150.494755433393    	
9.61626952593581    	11.0694678814831    	150.512663771847    	
10.7110233311265    	11.6936665642245    	150.492586105266    	
11.7907679846759    	12.3395283376592    	150.502167365705    	
12.8383776470725    	12.9642777218979    	150.518521197517    	
13.961538532252     	13.5422173464061    	150.480408823665    	
15.0351527576361    	14.0586503790701    	150.49864250567     	
16.2060775854614    	14.5970792578881    	150.491078325574    	
17.3084748849705    	15.1254618229507    	150.5078770815      	
18.4581769194385    	15.5797177004458    	150.500492276894    	
19.6701624290799    	15.9619420449036    	150.506354042937    	
20.8137725800964    	16.3600421640812    	150.478337763392    	
22.0197305284763    	16.668436480822     	150.504797778943    	
23.236092929897     	16.8855453241387    	150.516461896295    	
22.3959181185234    	16.1843229631581    	150.504420348302    	
21.2757130824815    	15.5990858588843    	150.532280319735    	
20.1638608129656    	15.0062637944573    	150.498419031607    	
19.0674994909806    	14.4376410726697    	150.49620361805     	
18.0270333889793    	13.8215115405623    	150.478475788715    	
16.9380086326422    	13.1416381039151    	150.517102647169    	
15.9268382884501    	12.4798272917672    	150.520957317085    	
14.8497044538924    	11.8094805062948    	150.488412061893    	
13.8502678193509    	11.1179763214075    	150.500594192489    	
12.8110213019821    	10.4000195397041    	150.502893027315    	
11.7692616911778    	9.68921566877495    	150.53135922103     	
10.7879561770247    	8.96317420594828    	150.544493963542    	
9.82435067562483    	8.23773838758961    	150.481302253442    	
8.81458899839611    	7.44648600164084    	150.510711967285    	
7.85840003350063    	6.66736532316931    	150.511356736404    	
6.87769151093368    	5.9083794327748     	150.50418040394     	
5.92028279948588    	5.07459900558586    	150.505319654239    	
4.97570581885081    	4.2373311287104     	150.458130321665    	
4.04828951025161    	3.46304693226103    	150.498679451531    	
3.09123084615167    	2.61471830492326    	150.496992075908    	
2.21905489607587    	1.77413055349837    	150.477669105126    	
1.3212009744631     	0.932792006957949   	150.469858158957    	
0.421235623440044   	0.075718474864778   	150.462587143529    	
-0.48646949517199   	-0.739970470917473  	150.479412322309    	
-1.34245846268394   	-1.66710223356539   	150.49597244551     	
-2.25560760838036   	-2.55618215814849   	150.490167012452    	
-3.09907245516581   	-3.4366813141363    	150.513796021797    	
-3.94433784043611   	-4.34312049234769   	150.50108415535     	
-4.80676428420453   	-5.27010931869572   	150.494790648075    	
-5.63505336722052   	-6.15538839240754   	150.500085436765    	
-6.48035911854054   	-7.14126492977918   	150.491952730003    	
-7.2905348324382    	-8.02796847315698   	150.50856582059     	
-8.05766669654266   	-8.97637391678472   	150.508052815483    	
-8.820653980617     	-9.93010350543934   	150.518146343267    	
-9.63716455831978   	-10.9116236146826   	150.492942703339    	
-10.4447540062583   	-11.8874633641009   	150.521410784822    	
-11.1888495604863   	-12.8753678368863   	150.488792108273    	
-11.9742888090606   	-13.8491845100448   	150.492548498369    	
-12.6618519737809   	-14.8453804183756   	150.48774823188     	
-13.4111119020232   	-15.8463113079286   	150.536763710613    	
-14.1489730413709   	-16.8321281100217   	150.484980643675    	
-14.8988999381341   	-17.8054126908268   	150.457707821868    	
-15.6138271069036   	-18.8992744993883   	150.494792471328    	
-16.2810845733125   	-19.8896658655173   	150.500651960722    	
-16.9707911085906   	-20.9107334804326   	150.495651037475    	
-17.6575565460338   	-21.9195197165135   	150.52470694611     	
-18.3276833479567   	-22.9932320791944   	150.482424689252    	
-19.0089420142575   	-24.0752743674347   	150.50480930654     	
-19.8114168085894   	-24.9094673958232   	150.517830477772    	
-20.7967741379972   	-24.2798128743154   	143.537117764028    	
-20.4455058803239   	-23.2394281502708   	143.486994466542    	
-19.9317852486304   	-22.0804628804608   	143.512763941351    	
-19.3735137836384   	-20.9861871174784   	143.503373067858    	
-18.7895702668465   	-19.8484890699054   	143.511085541366    	
-18.226209969306    	-18.7793566387801   	143.506662962651    	
-17.643168162865    	-17.6621462790325   	143.485458881674    	
-17.0443444999736   	-16.5875031226844   	143.538959969314    	
-16.3856257350859   	-15.4800898576137   	143.519200692074    	
-15.7198349439346   	-14.4397980589183   	143.486376117371    	
-15.1001394763302   	-13.3613955676555   	143.483672285545    	
-14.4112309182591   	-12.3278169342067   	143.528334934571    	
-13.7239577439328   	-11.2898315626915   	143.511439771735    	
-12.967483302645    	-10.277709208212    	143.491016736911    	
-12.2544220082938   	-9.2592670626026    	143.463026903715    	
-11.5267375242657   	-8.27906536000813   	143.489089301091    	
-10.7941744315818   	-7.2612796476811    	143.459020070402    	
-10.01282299414     	-6.2865664800725    	143.487851675522    	
-9.24388705532202   	-5.33036524399551   	143.492392748556    	
-8.42124256647752   	-4.33838376508415   	143.483568242333    	
-7.63340540909505   	-3.41680082088891   	143.519435431405    	
-6.79379604268618   	-2.52099069346664   	143.52186007359     	
-5.96779093937977   	-1.57449722336425   	143.505486415401    	
-5.0676473907493    	-0.676586443432289  	143.505650598833    	
-4.17788113908712   	0.201161685118181   	143.504803212233    	
-3.34153775072566   	1.03949422825597    	143.494252167981    	
-2.40206058182282   	1.91865890701901    	143.518409624907    	
-1.50462409438741   	2.73971404282546    	143.522450609615    	
-0.508787670909701  	3.53799074596614    	143.510745222668    	
0.420629926639148   	4.3869746212973     	143.494968256032    	
1.41225435429484    	5.15320422132273    	143.488092822559    	
2.34384642708087    	5.89488039020213    	143.483449022578    	
3.40655210635766    	6.62405463773926    	143.529445816215    	
4.45239550949946    	7.35260552259295    	143.505708088079    	
5.4563253308486     	8.05811235340778    	143.509986899969    	
6.51937603532081    	8.69648207126413    	143.4997358498      	
7.58745594009266    	9.3292728618592     	143.515465049174    	
8.64153337169532    	9.92685676095683    	143.48105391061     	
9.74404273570214    	10.4873721863018    	143.471459169504    	
10.8987802826352    	11.0350667999353    	143.469230550906    	
12.0148151141839    	11.5966031988891    	143.495272156138    	
13.1998358499806    	12.0228811709225    	143.503963732858    	
14.3398702976447    	12.4325038418694    	143.509191522013    	
15.5464680625141    	12.8407711311391    	143.507783512219    	
16.7407909504299    	13.2007624535416    	143.493389291053    	
17.9287404254149    	13.461232104029     	143.482589979829    	
19.1611125545643    	13.7746737822513    	143.500881620203    	
20.3781693119548    	13.9453407778162    	143.519889661904    	
21.6362706281234    	14.0870308711582    	143.477044206283    	
22.8475158965286    	14.1865602386405    	143.523789658001    	
24.1268307353544    	14.2081233156256    	143.462720961585    	
23.892968638993     	13.6370703661141    	143.494840517053    	
22.7059208027621    	13.2530796166892    	143.483034481567    	
21.474225115188     	12.9247221037301    	143.492707288378    	
20.3023367377094    	12.5127153975906    	143.487121594436    	
19.1681049275903    	12.0317703093477    	143.499025210949    	
17.9968833095938    	11.5446049970249    	143.508822338122    	
16.858675301079     	11.0236457522347    	143.50240383702     	
15.7573137104013    	10.4665914417255    	143.517978831188    	
14.6824129153716    	9.88859659358227    	143.522300990094    	
13.5663888100288    	9.28771861215756    	143.52846798307     	
12.4631686352538    	8.67437814908806    	143.535665905315    	
11.3638740863412    	8.04886912512738    	143.511313180874    	
10.3509111773015    	7.41149323330153    	143.487191528601    	
9.27018336346995    	6.71927968449813    	143.533088435394    	
8.24696630576665    	5.98253465960222    	143.535509539901    	
7.21990767637708    	5.27821699909281    	143.482461595015    	
6.24049241623637    	4.54878316371067    	143.474291569197    	
5.25076491517669    	3.81675627005625    	143.497325017506    	
4.24902839014845    	3.06009441827426    	143.504175741895    	
3.26135515015458    	2.31918459448844    	143.501916492991    	
2.29608557142115    	1.49615849863267    	143.532740787196    	
1.34736646581979    	0.718452886571316   	143.491701514617    	
0.418517219631376   	-0.111022954675663  	143.520517054612    	
-0.539030526599874  	-0.927867993521862  	143.498121578225    	
-1.45232353331616   	-1.76816413906994   	143.468596283702    	
-2.41048760706088   	-2.57219682900846   	143.514354725603    	
-3.3180856594751    	-3.42350481155325   	143.506662564373    	
-4.1467907651385    	-4.29589256652864   	143.527889678897    	
-5.04370237547663   	-5.17199992664902   	143.501351521587    	
-5.93408141512648   	-6.03085862292998   	143.494521791059    	
-6.77132189792661   	-6.95390283551677   	143.496954701493    	
-7.67708790379397   	-7.87397660006589   	143.517709362989    	
-8.50543469220736   	-8.79662018813488   	143.531812944225    	
-9.37187930265564   	-9.70084360806315   	143.499857206902    	
-10.1953834183762   	-10.6077343904333   	143.4722217066      	
-11.0142537037407   	-11.5769390232101   	143.533227771654    	
-11.8442619326689   	-12.4858863018058   	143.54182562997     	
-12.6041065292441   	-13.4759850747498   	143.498261333911    	
-13.383293123777    	-14.4428257830909   	143.521617197067    	
-14.1856137208672   	-15.3654584495262   	143.482069363043    	
-14.9753425977878   	-16.3839627852755   	143.490610307236    	
-15.7225868582848   	-17.3785365162112   	143.495423509584    	
-16.408640851554    	-18.3596179077037   	143.504472728705    	
-17.1773678370917   	-19.3321325951367   	143.537264487461    	
-17.8789813432405   	-20.3370075331328   	143.524437857784    	
-18.6382238981732   	-21.3775504658696   	143.517748042751    	
-19.3638282889713   	-22.3878283602196   	143.550833562865    	
-20.0386604788645   	-23.4340384355102   	143.504761287482    	
-20.782131648017    	-24.3060935266859   	143.495506211738    	
-21.4953778432241   	-23.5425719660532   	136.508648435301    	
-21.1229617152951   	-22.3684437127643   	136.534633346575    	
-20.5668501923035   	-21.2706168891074   	136.488441872255    	
-20.0271524242927   	-20.1111299992296   	136.492596048484    	
-19.4490797518396   	-18.9989365712032   	136.508265214873    	
-18.8379636636286   	-17.9374377665676   	136.494367887094    	
-18.2650541153419   	-16.8550502813117   	136.499855319342    	
-17.6630162013425   	-15.745594492989    	136.500873832969    	
-17.0141933364456   	-14.6650513659702   	136.499059926852    	
-16.3918339376963   	-13.6176222787799   	136.476903982374    	
-15.7323129825771   	-12.5826208982273   	136.522896735527    	
-15.0281943681647   	-11.5270907686208   	136.51651642925     	
-14.2965945029186   	-10.4902830747026   	136.503209082397    	
-13.6089828655587   	-9.4563412115332    	136.536079613888    	
-12.8169668263543   	-8.439448157908     	136.458602537223    	
-12.1354827973873   	-7.45572062177318   	136.483634400973    	
-11.3459135935673   	-6.46111572207842   	136.455307780834    	
-10.5446383343898   	-5.52048518373921   	136.492601470679    	
-9.73644175432213   	-4.53880354347226   	136.517644829261    	
-8.93447397430034   	-3.60609630272214   	136.485125279898    	
-8.08742829206102   	-2.64825436187994   	136.459630826347    	
-7.23217491969071   	-1.77402922752342   	136.500266635566    	
-6.34388425287354   	-0.898090699465549  	136.484616253761    	
-5.44390845973688   	-0.0105960365018024 	136.487009317458    	
-4.53419587102859   	0.861732299755088   	136.522471973323    	
-3.56749263846049   	1.66321692787786    	136.494370901164    	
-2.64028694427468   	2.45799434083363    	136.471826425222    	
-1.64735813925318   	3.28485373963986    	136.499637149679    	
-0.637063557619732  	4.06016219122166    	136.453432641757    	
0.331125980139505   	4.8080319360062     	136.510669311237    	
1.33743621190405    	5.50216807853363    	136.492466880326    	
2.43439939327898    	6.1906466423361     	136.493412634103    	
3.46144590785668    	6.87356482265879    	136.457719421292    	
4.54215943534901    	7.50383026150979    	136.510102796886    	
5.61987435008966    	8.08861962661038    	136.522086310282    	
6.72269211031432    	8.67995457022952    	136.510540022699    	
7.8429499176052     	9.20145467009552    	136.496364109525    	
9.00614856039194    	9.68705368529777    	136.521638485869    	
10.1580807916845    	10.1467567203701    	136.483124054794    	
11.3862407434626    	10.5550415046381    	136.522748513227    	
12.5546445872037    	10.9439848413567    	136.484380745657    	
13.7467393365686    	11.196690941749     	136.496935679144    	
14.9417695986994    	11.4847292562535    	136.491519808872    	
16.2246435234473    	11.7128226213137    	136.510375477254    	
17.4570010757128    	11.85613621548      	136.509895993468    	
18.6949977145821    	11.9727402488993    	136.508855761467    	
19.9781460777388    	12.0395421138467    	136.477118500249    	
21.2205861181453    	11.9565563028423    	136.507306477798    	
22.4258099433357    	11.925029081779     	136.494928501274    	
23.6840907374345    	11.7433989246498    	136.501693843488    	
24.90771423119      	11.5669396921163    	136.496850183425    	
25.4275725083933    	11.0126764934372    	136.498492317297    	
24.2170086261926    	10.8461419064651    	136.510759592464    	
22.9558585994064    	10.6946219411259    	136.475334807207    	
21.7421327162333    	10.4526367638171    	136.489300375856    	
20.5119860899755    	10.182719522892     	136.486480002105    	
19.310545043008     	9.87997328216833    	136.505930323931    	
18.0904406866988    	9.53182588637135    	136.489032536375    	
16.922893119625     	9.12304326727311    	136.494737101216    	
15.7358291575217    	8.69864752960661    	136.526877135235    	
14.5815699349913    	8.23302852894584    	136.491963049632    	
13.4051800147977    	7.77296934423248    	136.493299777724    	
12.2904456997611    	7.2285365309008     	136.51756709754     	
11.1795514924915    	6.69714308378755    	136.483147315492    	
10.0537923659724    	6.15314041085027    	136.508435175574    	
8.93405458059437    	5.52775613214658    	136.495614472273    	
7.83965728370447    	4.92082567022715    	136.480397603165    	
6.79534168256863    	4.30004276650594    	136.502402175954    	
5.73042363897366    	3.61499465072153    	136.530503120208    	
4.69223727024211    	2.92442249120225    	136.519302576861    	
3.65718448205976    	2.22310499044417    	136.49356993258     	
2.62528431456958    	1.51345813989812    	136.488728574724    	
1.59323123333497    	0.807090029794163   	136.495677776688    	
0.59354655371906    	0.0227366174294855  	136.497851555067    	
-0.367568606190659  	-0.747690779991614  	136.474321586926    	
-1.32017171233576   	-1.53617328062991   	136.51549635355     	
-2.31258048871052   	-2.32015536330555   	136.516361310067    	
-3.24879560770545   	-3.11631089877492   	136.48060355027     	
-4.21277231628927   	-3.97802509232944   	136.48208187612     	
-5.08406314943088   	-4.78702999201352   	136.519126502601    	
-6.04669577147733   	-5.63870428827759   	136.503394894729    	
-6.91814444857161   	-6.48894108241786   	136.489481580536    	
-7.85091743070937   	-7.38146013911761   	136.498530230189    	
-8.6992727711522    	-8.25963693284841   	136.489327552535    	
-9.55919301249656   	-9.15246541274744   	136.504292002499    	
-10.4257508836858   	-10.0779141147676   	136.495899044373    	
-11.3129997874478   	-10.9474279293715   	136.508897535464    	
-12.1857415397511   	-11.9301661342281   	136.483671533936    	
-12.9856183872224   	-12.856606575401    	136.544984978939    	
-13.7998544665681   	-13.8124928317745   	136.504592978922    	
-14.5872433527444   	-14.7704898303483   	136.483835818686    	
-15.4081978116535   	-15.711113726842    	136.501351428194    	
-16.2229951297697   	-16.7067770969424   	136.453620001737    	
-16.9459398287985   	-17.60342150595     	136.521244309486    	
-17.7204649110687   	-18.6450193957753   	136.493909404692    	
-18.4690976091418   	-19.6085815883369   	136.478365831593    	
-19.2183738982055   	-20.6073466841873   	136.514259777236    	
-19.9760260072019   	-21.6489388350365   	136.471497460404    	
-20.6954892093645   	-22.6748704552085   	136.485576889542    	
-21.4689491143416   	-23.5309138359873   	136.485132540143    	
-22.0787535228771   	-22.6425190578393   	129.514972213644    	
-21.7199001728803   	-21.5600512450463   	129.459308462672    	
-21.1949453046909   	-20.3921120853211   	129.528383018673    	
-20.6303146042759   	-19.2797237690589   	129.494910878477    	
-20.1005903416966   	-18.1254960819485   	129.506650630042    	
-19.5170975051284   	-17.0296775269469   	129.478374486563    	
-18.8973619559946   	-15.9239158220506   	129.496930792625    	
-18.2566743579972   	-14.8275348029169   	129.525071421712    	
-17.635028099805    	-13.7256828444071   	129.50183842539     	
-16.9626762281404   	-12.6703897139238   	129.50572757596     	
-16.2606417838691   	-11.6105074609654   	129.525441657307    	
-15.5905729110144   	-10.5081723197455   	129.467580239964    	
-14.8336930748842   	-9.50718397114322   	129.538015102629    	
-14.1205647407709   	-8.487359592256     	129.530439546094    	
-13.3692990094789   	-7.48440465124507   	129.505762945429    	
-12.5537471755379   	-6.47311704624179   	129.490635992843    	
-11.7710054312728   	-5.46661572727684   	129.513961059017    	
-10.9724937906313   	-4.56844007645291   	129.501742507254    	
-10.1090609926609   	-3.62654506190055   	129.505062797801    	
-9.2535836099465    	-2.65472567101987   	129.481372167924    	
-8.37672148227534   	-1.77975806509114   	129.499957678522    	
-7.48217136812774   	-0.909098111045751  	129.49264260203     	
-6.55156225693491   	-0.0421881229663656 	129.528532199184    	
-5.61537273416183   	0.795197430960778   	129.489222917936    	
-4.66519035409346   	1.65662302098406    	129.532145489917    	
-3.70325548112412   	2.42641096791356    	129.482632922922    	
-2.68842384101089   	3.15800876846695    	129.490042331919    	
-1.66499412528241   	3.8961534260317     	129.49340624231     	
-0.617323666523351  	4.65320243103879    	129.478727776599    	
0.442327408844632   	5.32861616010979    	129.512755425503    	
1.51319287056774    	5.98310766785398    	129.52017264446     	
2.63700529875756    	6.5782049004649     	129.480613763496    	
3.72831672487812    	7.13860881175245    	129.475438408594    	
4.8792931956576     	7.71421353610358    	129.489683115727    	
5.99770426493531    	8.18298847704338    	129.509664606749    	
7.19589171969626    	8.66651130691478    	129.525344301086    	
8.41662928237425    	9.08463740581525    	129.505159654581    	
9.62768542107836    	9.44970342547014    	129.492913125916    	
10.8592668961163    	9.73572064891835    	129.503361063484    	
12.0844226590166    	10.0063765830154    	129.509384398766    	
13.3221273428603    	10.2392763022481    	129.480316578778    	
14.5364945208069    	10.3510082692264    	129.548324090336    	
15.8099466453958    	10.4150815425488    	129.454649046864    	
17.0897758451019    	10.4926587790503    	129.511902768948    	
18.3572646274425    	10.4590351222871    	129.507947752202    	
19.5759943327223    	10.3622940494098    	129.488032159254    	
20.8520781983546    	10.1799865100797    	129.505798770238    	
22.0857495631771    	9.99151713734047    	129.520316585954    	
23.3662723162617    	9.76382341688036    	129.500218312657    	
24.5749355352255    	9.3945016032094     	129.526559425712    	
25.7426857020101    	9.08628046727715    	129.519160548415    	
26.8712004585743    	8.52692565261097    	129.50678639826     	
25.7994383892919    	8.27191594353732    	129.47204321233     	
24.5824473919781    	8.26680718871142    	129.50748537414     	
23.3429235040914    	8.24960895594606    	129.532934672361    	
22.0479640439031    	8.1436308282108     	129.502190385545    	
20.7704868786504    	8.03407332918135    	129.474593224298    	
19.5343567895731    	7.8324363464933     	129.502026105053    	
18.3322575206425    	7.65628773486501    	129.489554403203    	
17.0739879405607    	7.3695771226828     	129.511600194761    	
15.832409905488     	7.01469233492096    	129.514044742848    	
14.64304041067      	6.71874938981626    	129.470746652531    	
13.4274601043317    	6.34854531382671    	129.505794406874    	
12.2132200962016    	5.94632871159667    	129.528482646607    	
11.0733156922896    	5.51502333943393    	129.500741898272    	
9.87684962499002    	5.06724182358992    	129.505959006752    	
8.72777965548871    	4.56172843887831    	129.47734342734     	
7.56863984633546    	3.9699997038754     	129.520935780006    	
6.44108280102119    	3.40352850844738    	129.542689799588    	
5.36884294515384    	2.81131277646202    	129.509609019133    	
4.24251915754676    	2.22992112527005    	129.478820847609    	
3.1712806207792     	1.60485882394882    	129.516964743562    	
2.09080704810643    	0.951667975970595   	129.522429318106    	
1.04345786658217    	0.250505393177778   	129.488654031895    	
0.0103659027740159  	-0.457355546042213  	129.467129506736    	
-1.03714687141861   	-1.17405652894542   	129.505983256359    	
-2.02327026989856   	-1.94291505852003   	129.48969218577     	
-3.05135828080074   	-2.71199435173376   	129.494424529778    	
-4.05140116929019   	-3.51312355874209   	129.473856642398    	
-4.98546479227541   	-4.30813694558046   	129.49512959188     	
-5.98300994778741   	-5.12075822892555   	129.517953937902    	
-6.90771845211531   	-5.93926972053399   	129.514675162269    	
-7.91688369560293   	-6.7894822668584    	129.49950581801     	
-8.78603020367522   	-7.6427315430771    	129.46861564826     	
-9.72113238745446   	-8.48358732782725   	129.516932297894    	
-10.5894088482365   	-9.41232034288616   	129.532372438992    	
-11.5216867018669   	-10.2934335571928   	129.498128727814    	
-12.3940907058619   	-11.2234914681477   	129.535978236048    	
-13.2560497093246   	-12.1166039057086   	129.526976421519    	
-14.0891570343576   	-13.0410816597593   	129.499371831402    	
-14.939941299837    	-13.9580895005351   	129.482929736372    	
-15.8141941221471   	-14.918104202189    	129.504641021438    	
-16.612694053515    	-15.855662904606    	129.527940396905    	
-17.4072414703413   	-16.8383911618623   	129.501298229209    	
-18.2230554135101   	-17.8110301143475   	129.49945270644     	
-19.0027021708091   	-18.7924004437491   	129.492651669639    	
-19.7760526386292   	-19.8268324564115   	129.526842485088    	
-20.5323777907942   	-20.7815452973839   	129.492293892433    	
-21.2695357838771   	-21.8548062823838   	129.457650896127    	
-22.0977896123926   	-22.6747286700489   	129.516685508447    	
