-14.7535375852777   	-28.6385354137168   	185.48063493398     	
-14.4577288074366   	-27.4740759670128   	185.514506589837    	
-13.8920563413404   	-26.2834707904465   	185.484002633831    	
-13.3698685570157   	-25.1185703284818   	185.500168009166    	
-12.8665583047825   	-23.9597545558014   	185.496700442367    	
-12.3116036041723   	-22.7629411214119   	185.475467515258    	
-11.7867627219909   	-21.6260885410424   	185.52436496406     	
-11.2253544323397   	-20.4016826799794   	185.509588004355    	
-10.6831607140424   	-19.2614558702872   	185.493323877301    	
-10.1317787493599   	-18.1069859070228   	185.471939594934    	
-9.64129135406017   	-16.9477298143688   	185.454712096734    	
-9.007287589511     	-15.7718627930327   	185.524241431369    	
-8.476903565667     	-14.5983815653226   	185.521078095359    	
-7.88533034290543   	-13.4705995077976   	185.485613145043    	
-7.33475321114153   	-12.3037488936147   	185.472987172111    	
-6.76089194839587   	-11.1439366416153   	185.497109205965    	
-6.1627641012893    	-10.0161926072901   	185.477985505483    	
-5.57367583496443   	-8.84482488272047   	185.467609706604    	
-4.98890986362075   	-7.70777016491243   	185.475330369307    	
-4.37597573042369   	-6.5817739986155    	185.515790783429    	
-3.75621513232556   	-5.44632808656938   	185.541728154535    	
-3.16569635415399   	-4.2966148556319    	185.494828288089    	
-2.54067840994507   	-3.21277599242628   	185.453700703893    	
-1.89552436152693   	-2.01257455172744   	185.471629485106    	
-1.33553223627527   	-0.870638144651634  	185.507517379126    	
-0.715457973928106  	0.243684031810288   	185.504363979825    	
-0.0875312362672515 	1.39078637940701    	185.489821583446    	
0.515720238428092   	2.49308897692225    	185.474341780839    	
1.20906241077376    	3.61938772337799    	185.496868457618    	
1.76236223458377    	4.72170936225808    	185.481946528038    	
2.44023141922728    	5.85742915415357    	185.490146163825    	
3.06793864594753    	6.98730481450612    	185.519569657207    	
3.69112633122224    	8.07181762465661    	185.492142747588    	
4.34649999633524    	9.1925344176056     	185.545447073321    	
4.98227756623753    	10.3387903541886    	185.477756243357    	
5.66370294847103    	11.4429804864537    	185.502393268735    	
6.27769886991959    	12.5507114897519    	185.493163470979    	
6.95926295262961    	13.6684084220261    	185.516419237244    	
7.60888400254704    	14.8184954593717    	185.502775632958    	
8.22205785408789    	15.8857874914713    	185.501599535793    	
8.87586801554473    	16.9988665222333    	185.515432365547    	
9.53129582318633    	18.1299131343542    	185.515652058336    	
10.1698649225971    	19.214188113234     	185.494640539858    	
10.8613283750605    	20.3265638577261    	185.512360538602    	
11.5001735444988    	21.446543662059     	185.504012361696    	
12.1509157437495    	22.5628284716201    	185.507464004273    	
12.748217047273     	23.7237226573955    	185.494843293095    	
13.4247235918397    	24.8327734311476    	185.526750667032    	
14.0253521924344    	25.925655404635     	185.504511090856    	
14.6604062811034    	27.0904369670996    	185.485678614663    	
15.092866148532     	26.9120767596481    	185.520338293956    	
14.4717494119282    	25.7607013948706    	185.483673344585    	
13.8738464078363    	24.6175096191472    	185.506450228165    	
13.3151280043457    	23.4683876895981    	185.502920705707    	
12.7341680173508    	22.3199171367177    	185.471780777202    	
12.1207337634355    	21.1665057847283    	185.514965462551    	
11.535013558963     	20.0610898459964    	185.459836448082    	
10.8925300041162    	18.9039251327064    	185.500435064054    	
10.2795769032599    	17.7509328209622    	185.49199688908     	
9.65040934209372    	16.6622835705445    	185.51255730123     	
9.05289428057329    	15.5110308298715    	185.482605750063    	
8.41409405688921    	14.3559381360018    	185.5089670044      	
7.83269424907119    	13.2171776172101    	185.536104847894    	
7.17485601111607    	12.1305757081515    	185.505571189221    	
6.52574679462131    	10.9938011147265    	185.513160502869    	
5.94084500838343    	9.87787480034816    	185.512587914398    	
5.32411118524602    	8.7237924744115     	185.507780589872    	
4.64530084415979    	7.60583227212365    	185.477989684957    	
4.08729514205634    	6.49955873027644    	185.494578105371    	
3.44415261381779    	5.35672138148452    	185.528012941639    	
2.78300810809523    	4.25722342199114    	185.494845882612    	
2.17198711004452    	3.13252396474929    	185.52150636349     	
1.5530093717983     	1.9916397355118     	185.474447909809    	
0.902981833422597   	0.847968059954516   	185.506657183542    	
0.261824152800334   	-0.280937915364268  	185.493568357873    	
-0.354964043876286  	-1.40646449376407   	185.496043455572    	
-0.983292919145626  	-2.50175431268791   	185.517991113571    	
-1.5870091297667    	-3.64303959749082   	185.499429490146    	
-2.2323484220415    	-4.76381203168144   	185.534076285222    	
-2.79535219628624   	-5.92074535299743   	185.497166263356    	
-3.43789368664282   	-7.03414395467361   	185.511531420898    	
-4.0740154656911    	-8.17656499699264   	185.485783936176    	
-4.64437771070578   	-9.33273026103689   	185.475824561138    	
-5.29642361933722   	-10.4485943841664   	185.476399436719    	
-5.86006983452318   	-11.5533584166009   	185.501711304602    	
-6.50414624171635   	-12.7318912050924   	185.478108435311    	
-7.0714361550634    	-13.8556067040988   	185.52084945079     	
-7.67279804448533   	-15.0058863841193   	185.558233234322    	
-8.24021751612708   	-16.1536296755066   	185.518579495898    	
-8.86804500658016   	-17.2908355303257   	185.484491673833    	
-9.40936266849762   	-18.4114585009118   	185.525573984606    	
-10.0484488300907   	-19.5938153261066   	185.505453317228    	
-10.6161698282277   	-20.7100550178274   	185.504962574979    	
-11.2183150567872   	-21.864865751334    	185.498107874543    	
-11.7565615945766   	-23.0547177204209   	185.518900676985    	
-12.3375299609992   	-24.1561833785411   	185.516937716507    	
-12.9275981687976   	-25.3668591695199   	185.513688080654    	
-13.4807735856323   	-26.4947706006357   	185.506350334515    	
-14.0707163354862   	-27.6686565305543   	185.504431733662    	
-14.7374698908577   	-28.6345428638478   	185.511064766714    	
-15.7447719134729   	-27.8758256973894   	178.493222957694    	
-15.419983285999    	-26.7450540895811   	178.489402662924    	
-14.8832143217938   	-25.5548900343671   	178.529528721886    	
-14.3523620993899   	-24.3848387230272   	178.51563744581     	
-13.8222294252533   	-23.2360097588419   	178.499272912796    	
-13.2548524074616   	-22.0910293930096   	178.49875098054     	
-12.7141786393798   	-20.9185475714562   	178.503901364309    	
-12.1573991689414   	-19.7849429497827   	178.519410470494    	
-11.5731956911693   	-18.640242904037    	178.490375553948    	
-11.0222577181126   	-17.5132491565342   	178.476788197426    	
-10.4525606584476   	-16.3173363738339   	178.502284051531    	
-9.87158816557938   	-15.2504992954674   	178.51032416399     	
-9.22938182278017   	-14.1389185563734   	178.519831104666    	
-8.6674547103035    	-12.9789651426984   	178.495439534776    	
-8.06887071401449   	-11.8249901548299   	178.508366606913    	
-7.44451715999713   	-10.709062107961    	178.529337264378    	
-6.82253025727876   	-9.60351333453816   	178.489933901263    	
-6.17106006675811   	-8.45776218405827   	178.476103028766    	
-5.56104644326989   	-7.37780889720684   	178.522818088096    	
-4.923132107375     	-6.26993216361382   	178.489426386414    	
-4.25281057565953   	-5.13707380655373   	178.49794574779     	
-3.63177562016878   	-4.06546958051978   	178.50763313567     	
-2.95585209692783   	-2.97957304007194   	178.495559428188    	
-2.3341573570935    	-1.89750439696368   	178.522167820449    	
-1.62123208119571   	-0.789468796249737  	178.488066231621    	
-0.98639419618551   	0.331214962950635   	178.51557070315     	
-0.30439154217124   	1.41818841162518    	178.515673683324    	
0.389361043548757   	2.46615777614075    	178.52909384595     	
1.08232365266842    	3.54179222443367    	178.495787189969    	
1.76918370697919    	4.65316420458236    	178.484402766364    	
2.47757989660116    	5.72950685969539    	178.497032260804    	
3.13156417986981    	6.79522281873763    	178.511714726844    	
3.86253646294984    	7.82530853334876    	178.531002577238    	
4.57614065400024    	8.87963270045837    	178.502013680101    	
5.27483796107552    	9.9654905155598     	178.473753516802    	
5.99316511002009    	11.004512169288     	178.48677581651     	
6.72349515001985    	12.0286609115856    	178.48538225347     	
7.46661735995813    	13.0998491304809    	178.479426727818    	
8.20398064451971    	14.1691332021542    	178.516725857515    	
8.92088850433217    	15.1869034040915    	178.539395237792    	
9.67476721209759    	16.2626008951121    	178.473812913785    	
10.4177340573445    	17.3117441084535    	178.496184989363    	
11.1218454752358    	18.3724672269512    	178.526111778581    	
11.8529650053713    	19.3857976514034    	178.491153752327    	
12.6405827189415    	20.4322689835941    	178.498203404145    	
13.3441757380475    	21.4562846061084    	178.49837474047     	
14.0754274896944    	22.5293536299232    	178.499947056133    	
14.8384471729853    	23.535543232894     	178.505307310124    	
15.5917231822686    	24.610423099284     	178.492663570329    	
16.3308807309691    	25.6166328834229    	178.482236920704    	
16.7801190209765    	25.5231989775463    	178.503028783294    	
16.0760089999324    	24.4498163793881    	178.511944458764    	
15.4268491534244    	23.3413255263239    	178.484439665704    	
14.7221600519726    	22.2813611669906    	178.529619004142    	
14.0521196024007    	21.1936676358324    	178.507347409431    	
13.3585381348002    	20.1711324150389    	178.494286015467    	
12.6504688845575    	19.073701982756     	178.500341435328    	
11.9372979333061    	17.9672310309334    	178.548774322015    	
11.2149629395498    	16.9049880184914    	178.477459270127    	
10.5433002260313    	15.8442069459886    	178.492949510069    	
9.82518608236732    	14.7410585300569    	178.517101962563    	
9.15764644860591    	13.6838529841757    	178.497409420941    	
8.49138021273685    	12.6384540092287    	178.487981722723    	
7.79924854833368    	11.5634874999801    	178.517419009858    	
7.08979029895658    	10.451901523691     	178.467916687744    	
6.40504823979479    	9.41838016380499    	178.495614344488    	
5.6716326794494     	8.33711044331411    	178.486592065653    	
5.02673736040419    	7.23490447559162    	178.481695624489    	
4.32804755927089    	6.20232084921804    	178.52297098509     	
3.63186359708209    	5.12012451830315    	178.51030172394     	
2.94241685728602    	4.07442131122101    	178.492980400114    	
2.26821993113776    	2.9483785856813     	178.490885054291    	
1.54235895856011    	1.87884295197254    	178.493729026915    	
0.893706619081049   	0.762377907498327   	178.488676754472    	
0.201788206775377   	-0.317011546515452  	178.507855546898    	
-0.469765786539261  	-1.39328572934028   	178.502162306023    	
-1.1719098214066    	-2.46542337268785   	178.479259861614    	
-1.84630384296527   	-3.5640914029538    	178.460283914791    	
-2.47185600221108   	-4.62312409985102   	178.497112948255    	
-3.17104293045694   	-5.77029679618185   	178.495648673083    	
-3.77103790499669   	-6.81280895511432   	178.515194694077    	
-4.48677492259421   	-7.90749897664398   	178.522445352777    	
-5.15608557573365   	-9.01011826030235   	178.517951047156    	
-5.79485134454037   	-10.0817084420234   	178.507668754416    	
-6.42680314428714   	-11.213827964818    	178.500066063261    	
-7.09010468404585   	-12.3646183284977   	178.492839951395    	
-7.73327754377126   	-13.4498921574555   	178.469911761891    	
-8.31707526867662   	-14.5481831422323   	178.489134327389    	
-8.99887002637129   	-15.6573948885127   	178.516757630115    	
-9.58159613650741   	-16.780896283038    	178.489242093798    	
-10.1968898423769   	-17.8998045963269   	178.498108749963    	
-10.8167455990675   	-19.0032389001148   	178.495316247365    	
-11.4042534737804   	-20.1412174615489   	178.501817095947    	
-12.0533409879806   	-21.2644064086802   	178.499319210333    	
-12.6816650672642   	-22.3583301437655   	178.504310795783    	
-13.2771897449255   	-23.520730675203    	178.514216888069    	
-13.834051352665    	-24.6624375087725   	178.518890657479    	
-14.4243343714541   	-25.7625456508648   	178.485134547637    	
-15.0423044323133   	-26.9320042230008   	178.514219146219    	
-15.7205507168484   	-27.8693277498164   	178.494286767539    	
-16.7076169799185   	-27.1254862340327   	171.489136319391    	
-16.4104605821875   	-26.01886607972     	171.492484944076    	
-15.8831432736189   	-24.8424329870118   	171.496056351751    	
-15.2782504241376   	-23.6745708815989   	171.480745702183    	
-14.7926405856377   	-22.5165870498503   	171.469831177605    	
-14.2015925501815   	-21.3996554106834   	171.541177175992    	
-13.6314352946858   	-20.2386446251497   	171.497038074063    	
-13.0347605685844   	-19.0979442857655   	171.514454829121    	
-12.4679978241087   	-17.9701894277324   	171.502622843081    	
-11.8412108585059   	-16.8837974941462   	171.505703922516    	
-11.2425425929557   	-15.730115147828    	171.513588168114    	
-10.6295007767793   	-14.6004263019642   	171.506703648503    	
-10.0341980552529   	-13.5060293663771   	171.525421658263    	
-9.38524741602964   	-12.4136751469075   	171.495699245814    	
-8.73674887848681   	-11.3110251548378   	171.506201146259    	
-8.1213106623697    	-10.23466641785     	171.493927674221    	
-7.47623678765903   	-9.14936031605222   	171.504461042386    	
-6.77967985147847   	-8.00589329378669   	171.513792987134    	
-6.14547334714742   	-6.98492881491292   	171.50063940928     	
-5.45502181621249   	-5.90366559984179   	171.521358915286    	
-4.77716553232189   	-4.80931491571586   	171.474623874451    	
-4.05656343549979   	-3.74501321891878   	171.540465804611    	
-3.33933545755699   	-2.68849682750206   	171.49297483659     	
-2.64729942021391   	-1.67357092086303   	171.496485611598    	
-1.96169685813344   	-0.59333046903562   	171.469911860814    	
-1.24106919081717   	0.475103552953363   	171.513007558072    	
-0.511041769488951  	1.4808036884076     	171.495235006353    	
0.246513160369176   	2.53105422464651    	171.495071581411    	
1.00119527893064    	3.53224000683042    	171.483332611083    	
1.74960613342538    	4.56823397586464    	171.547617195502    	
2.52149784438539    	5.60875626625419    	171.518979690609    	
3.30351266116591    	6.63490009110572    	171.486784454065    	
4.02702658460133    	7.61205368721239    	171.474812367601    	
4.84581247605131    	8.62116850181528    	171.515477583703    	
5.65304739392548    	9.62739911744184    	171.48044626542     	
6.4229281467965     	10.6482666159581    	171.515936735411    	
7.1682808474452     	11.6141715009571    	171.490980383426    	
8.03438652034216    	12.6245917377279    	171.460027610395    	
8.80855212874422    	13.574848538097     	171.530112006987    	
9.5988972640676     	14.5759160183487    	171.491944707895    	
10.4804625014797    	15.5136253258395    	171.483334868057    	
11.2927008341621    	16.5033145304743    	171.531623043053    	
12.1187549130409    	17.4428478819296    	171.475268027669    	
12.9071190703173    	18.4149402387767    	171.474498653705    	
13.7669734331052    	19.3809136998428    	171.456406269161    	
14.5861690475072    	20.354412996198     	171.510208657225    	
15.4162643641313    	21.291575434588     	171.490274707288    	
16.2927866726512    	22.2260755635504    	171.497521502411    	
17.1237656195514    	23.1509176158893    	171.501774451112    	
18.0052228184703    	24.1349554238478    	171.503151900057    	
18.5066034110421    	24.0602603077298    	171.485752987708    	
17.721601307564     	23.1254022156194    	171.516020768892    	
16.953643891633     	22.0841470843361    	171.458858292763    	
16.1316188262692    	21.0369683077478    	171.482691671309    	
15.3475251791055    	20.077065610416     	171.509903744824    	
14.5821023025708    	19.0307823172023    	171.47888846003     	
13.8095747870745    	18.0252337299501    	171.48252372977     	
13.0439849072919    	17.0159444375262    	171.509627302658    	
12.2601252268304    	16.0041160222306    	171.50046690439     	
11.4690167047882    	15.0478909166995    	171.54232434512     	
10.7213850743151    	13.9887904322955    	171.493787281394    	
9.93499176173094    	12.9946629663569    	171.514987396656    	
9.17415175338143    	11.9692857491634    	171.491244132278    	
8.40753801869843    	10.9790155283201    	171.504348544584    	
7.63051065890664    	9.96674834644294    	171.509300565823    	
6.87420760451029    	8.96348757179871    	171.52164935538     	
6.10260166243971    	7.92294440199024    	171.494790804691    	
5.35570675859675    	6.93617460435954    	171.499267391877    	
4.61588284720457    	5.91274046543947    	171.524442852941    	
3.85008498897108    	4.85683949955719    	171.515353016559    	
3.09106261625025    	3.88858477080047    	171.494461327289    	
2.38453012016645    	2.81102938519074    	171.514018911572    	
1.57110708175179    	1.74226054302557    	171.483927522207    	
0.846128720508566   	0.73082697298683    	171.519986919121    	
0.128114236335632   	-0.313569810270807  	171.46830043592     	
-0.612843234675904  	-1.33060626807021   	171.531295236041    	
-1.3357293320266    	-2.37623630354495   	171.530772123704    	
-2.04685153852638   	-3.44412351153742   	171.492022934438    	
-2.75639070341773   	-4.49190692736013   	171.508995950257    	
-3.45811904153929   	-5.56291071228661   	171.487574263597    	
-4.1671561337026    	-6.59637774116921   	171.50581895733     	
-4.84583020827231   	-7.62585337538932   	171.507780472086    	
-5.55550932211835   	-8.71669480053315   	171.50712830368     	
-6.24726998365639   	-9.78227308257998   	171.499619607008    	
-6.96280951299036   	-10.8272283144715   	171.493518892255    	
-7.6305693720459    	-11.8893542082243   	171.502670645052    	
-8.37284591266422   	-12.9969609189683   	171.498601737839    	
-8.98726088232567   	-14.0582825543239   	171.5206797854      	
-9.68340316284237   	-15.1727003412499   	171.48933584365     	
-10.3067272734651   	-16.2395142470594   	171.504407062207    	
-10.9433669092511   	-17.380889404411    	171.551782317941    	
-11.6318882844221   	-18.4105401750323   	171.491575141079    	
-12.2448619456253   	-19.5281593431901   	171.456619506638    	
-12.8944056309956   	-20.6490075667433   	171.488907470549    	
-13.563705055753    	-21.7318334177995   	171.503642335168    	
-14.1847882102987   	-22.7902985870601   	171.479242264967    	
-14.7748988473167   	-23.9353117356493   	171.518259909085    	
-15.4261047041514   	-25.0576993470841   	171.516160525721    	
-16.0105041521401   	-26.1587264110075   	171.479791363039    	
-16.7186844595      	-27.0666227570371   	171.516987641735    	
-17.7192325883173   	-26.3555667847259   	164.491889896053    	
-17.3737854970173   	-25.2178048714765   	164.484542127211    	
-16.819308071552    	-24.076209378106    	164.506074294694    	
-16.3139484044028   	-22.9617673020975   	164.500395898031    	
-15.7166347599029   	-21.8139568784311   	164.526375596802    	
-15.135542550869    	-20.6754212285677   	164.483262570374    	
-14.547666016878    	-19.5466410762864   	164.514508990657    	
-13.9958152949348   	-18.445641508001    	164.470472067822    	
-13.3373808684986   	-17.2933018034897   	164.505846532357    	
-12.7761165748752   	-16.244576136355    	164.510016637602    	
-12.115117446047    	-15.1155935356093   	164.488984497758    	
-11.4895193160263   	-14.0352494101364   	164.479072771029    	
-10.8407887964721   	-12.9554415992296   	164.503960185165    	
-10.2007856449282   	-11.8929525007077   	164.49937601903     	
-9.4932456996143    	-10.8025726082854   	164.500706589555    	
-8.85106328749514   	-9.72016885008519   	164.483306563492    	
-8.12819225650692   	-8.6444464357546    	164.502435876226    	
-7.47219688203509   	-7.63936140335141   	164.515719403908    	
-6.74013526898687   	-6.5847879274978    	164.516665457476    	
-6.06241395362209   	-5.51282096190335   	164.507368132589    	
-5.3249801118369    	-4.46838134547317   	164.517992903521    	
-4.57613192236638   	-3.44396137317767   	164.486584114885    	
-3.83502684694815   	-2.40198623234131   	164.492827672627    	
-3.10428403346784   	-1.43031849594303   	164.483546407407    	
-2.3193757122021    	-0.383313730701811  	164.490486306024    	
-1.54775573220476   	0.600209000620998   	164.542509968621    	
-0.793818576210588  	1.57037293441484    	164.528947468286    	
0.0250085489384157  	2.55604398032212    	164.501484237869    	
0.841747629333328   	3.57266705288396    	164.493020207502    	
1.67087373214068    	4.46750549401027    	164.47786978733     	
2.46671215416162    	5.45791744023814    	164.479972659694    	
3.29940721039437    	6.39948672965745    	164.51004490933     	
4.13348173225282    	7.37494005705734    	164.521395671422    	
4.98934676254602    	8.27994182032666    	164.51752968002     	
5.82671536572549    	9.21074499381617    	164.528630191433    	
6.6689730933771     	10.1309230510567    	164.514756478294    	
7.54794506344755    	11.0523871475649    	164.516573515173    	
8.44008328396434    	11.9574502447441    	164.493513956723    	
9.35679611641945    	12.8590308310753    	164.508845975746    	
10.2027141858906    	13.7530836218779    	164.459606096216    	
11.1572814465915    	14.6320689129924    	164.544684692741    	
12.0194598558507    	15.5192935340256    	164.517028656106    	
12.9435280279306    	16.3958778476527    	164.486853579168    	
13.8565147636901    	17.2662081185729    	164.508158804321    	
14.7745602306954    	18.1073103995122    	164.521835396084    	
15.7720631281639    	18.9740371038607    	164.533081828793    	
16.6546655533261    	19.7977965412525    	164.471356895107    	
17.6154603015976    	20.6257975494263    	164.489646308818    	
18.598651691298     	21.4608624031029    	164.471250805381    	
19.5683105222072    	22.3109964540086    	164.484781554157    	
20.1760719925479    	22.2526268145735    	164.500216911187    	
19.2892780263913    	21.3825923861399    	164.469421601337    	
18.4182321357437    	20.4783090952302    	164.495930770762    	
17.5609174005135    	19.5439551937588    	164.487978198633    	
16.6531779851927    	18.6459303662303    	164.481290847544    	
15.8097044311251    	17.6969689273172    	164.523887163792    	
14.938687526898     	16.7810468016654    	164.505053298396    	
14.0724899889653    	15.8721184320687    	164.518117631901    	
13.21825366098      	14.9644334411554    	164.490087305431    	
12.3230954391444    	14.0240331928394    	164.491428422189    	
11.4973806357213    	13.1151548114944    	164.485416918306    	
10.6899863418339    	12.1565211068047    	164.451661051307    	
9.83640384836443    	11.1937424785849    	164.490613228404    	
8.98827936817671    	10.2975679805699    	164.471641660972    	
8.134649538854      	9.35225133702343    	164.482902055916    	
7.30247234842418    	8.35709045538261    	164.519455411404    	
6.48952274666311    	7.42451488807812    	164.501568677624    	
5.66731839863531    	6.46493139600812    	164.477725857419    	
4.86852593778313    	5.50062117026531    	164.499610792843    	
3.99932165252653    	4.53831237033129    	164.497192822477    	
3.20382065532017    	3.5621723000975     	164.482731732377    	
2.38439588527873    	2.56558556256991    	164.486029052535    	
1.56783931760948    	1.63619401999466    	164.479166978059    	
0.858163543815423   	0.66245326791028    	164.51716775554     	
0.0144354656864989  	-0.334835006841227  	164.508367984279    	
-0.776403643309925  	-1.36923233212494   	164.491747865942    	
-1.56942946056376   	-2.36085096696423   	164.483707774559    	
-2.31880822021964   	-3.32788923179239   	164.538009876293    	
-3.05172958841046   	-4.35940244026809   	164.501788655993    	
-3.88087597548404   	-5.3752960069061    	164.497814471019    	
-4.62780793445434   	-6.3699817471225    	164.501181108297    	
-5.35034307980927   	-7.41824512956887   	164.482219529493    	
-6.11260615309661   	-8.41344063471165   	164.52965576928     	
-6.82394787164124   	-9.39712359978889   	164.486839590141    	
-7.55202761894458   	-10.4823895056935   	164.474576804155    	
-8.28324893632809   	-11.5243161987436   	164.48916359739     	
-8.98160073862123   	-12.5734348642648   	164.523889154908    	
-9.69445737039587   	-13.6261044530414   	164.523604434042    	
-10.3560214086216   	-14.6307423151251   	164.535718855166    	
-11.0935364144951   	-15.7157977405555   	164.491778339505    	
-11.7497456408834   	-16.7521317373022   	164.502825393256    	
-12.4524445899153   	-17.864848191881    	164.511778375454    	
-13.100162528001    	-18.9287506049267   	164.484266627663    	
-13.7579186043878   	-19.9512866573872   	164.518856844918    	
-14.4469177067771   	-21.0916852811484   	164.492669779447    	
-15.0869376310753   	-22.1293737461374   	164.508076868837    	
-15.7138579548353   	-23.2536527514046   	164.499286136661    	
-16.3788428381499   	-24.3580247958821   	164.477945998893    	
-16.9979600912736   	-25.4243525478559   	164.478055537422    	
-17.7212957700235   	-26.3441822168334   	164.5531124547      	
-18.7196645380019   	-25.6272988006687   	157.522191462686    	
-18.422647491103    	-24.5147328654817   	157.51515998504     	
-17.8979541207008   	-23.3929620154219   	157.529795603296    	
-17.2799490614821   	-22.2242974099075   	157.518490949113    	
-16.7116182890976   	-21.1397070615073   	157.501278946103    	
-16.1489127746785   	-20.0269342488249   	157.488547755204    	
-15.5515341706477   	-18.9251920426702   	157.481797858793    	
-14.9615340895298   	-17.8317010246713   	157.46595886885     	
-14.3251504542406   	-16.7411976759803   	157.518049137012    	
-13.7057259065161   	-15.6394295649433   	157.502997164702    	
-13.092737517729    	-14.5833314468162   	157.487971013095    	
-12.4156646895223   	-13.519614267584    	157.492787681866    	
-11.7899134105258   	-12.4545207563394   	157.516638952437    	
-11.1016934439774   	-11.4168479631247   	157.485751563724    	
-10.4220326588992   	-10.3242063485936   	157.529446496165    	
-9.74327996460265   	-9.30288178808068   	157.520241441923    	
-9.00856377379564   	-8.26963783794148   	157.516127087567    	
-8.30893491376164   	-7.25016131411721   	157.470218363581    	
-7.54315815240713   	-6.23564954638479   	157.531761869926    	
-6.80596149541384   	-5.24228751425426   	157.509092674267    	
-6.04608519581925   	-4.22993175343358   	157.490338453232    	
-5.31416988521719   	-3.24371448306476   	157.515085452202    	
-4.56277730540786   	-2.25917991056032   	157.539910748776    	
-3.73522897051521   	-1.32598339504333   	157.477186384202    	
-2.9519949048267    	-0.333312268126617  	157.516926213878    	
-2.10485097658122   	0.584139975511136   	157.480137624488    	
-1.28912194884133   	1.49494811398266    	157.479072771557    	
-0.426521599998442  	2.4584497883094     	157.519961199394    	
0.403232340145158   	3.39745031926492    	157.509789867726    	
1.24043548567208    	4.29120855014302    	157.49147064044     	
2.12277509989623    	5.16249922991844    	157.478277277009    	
3.00531116013615    	6.08776790617253    	157.489250260464    	
3.88035006975824    	6.93186212568948    	157.458245157214    	
4.83270589326709    	7.78740772729372    	157.503009514666    	
5.72907559403379    	8.67230728210701    	157.490704525932    	
6.65089921432581    	9.46407331935333    	157.508227826348    	
7.58448426537       	10.2993167710974    	157.51267391202     	
8.57766526108005    	11.118987334347     	157.481561169841    	
9.50317511500701    	11.9264795332175    	157.522847289858    	
10.4847170946058    	12.7026311349618    	157.51246677933     	
11.4648894003692    	13.4846836225734    	157.449450410814    	
12.465092596859     	14.2163152831046    	157.513199258967    	
13.5153774486382    	14.9749145694927    	157.476069485941    	
14.5158581599237    	15.7096665522857    	157.483443458693    	
15.5365852621527    	16.3784844239903    	157.488872570752    	
16.5761975717103    	17.0748287195608    	157.506266433343    	
17.6538450279893    	17.7383685233477    	157.511672729753    	
18.7273422999101    	18.3481866479485    	157.503057472031    	
19.8098257681655    	19.0706489292955    	157.518463279156    	
20.9060499433865    	19.6378058842439    	157.529705677017    	
21.79190650182      	19.6626365298343    	157.47745691103     	
20.8057819568792    	18.966873188302     	157.498632447933    	
19.8005702980471    	18.169871837014     	157.484695161462    	
18.7998889641778    	17.4303749359325    	157.518313985057    	
17.8934510976082    	16.6681911728562    	157.502838952768    	
16.8669450742993    	15.8550485160285    	157.523392621966    	
15.8790277037565    	15.0781511372282    	157.495633876517    	
14.9577725460151    	14.2415053161485    	157.467956772464    	
14.0118667502722    	13.4367803556086    	157.460290405116    	
13.0490508803147    	12.6063988862395    	157.499888579785    	
12.0841173639255    	11.7719733801981    	157.515202102107    	
11.2153971424247    	10.956757839361     	157.520925822258    	
10.2498569233411    	10.0539026266031    	157.477707645941    	
9.32815124079168    	9.2795380403646     	157.496570616663    	
8.45729551373641    	8.42254427739159    	157.50740958299     	
7.53082356946475    	7.51900687895198    	157.479401310774    	
6.64427007405926    	6.64747281244712    	157.467065548435    	
5.77932279552381    	5.79923827927606    	157.519057499066    	
4.85766613622005    	4.89635994561332    	157.500958655068    	
3.9832534765327     	4.01113036300034    	157.493485665216    	
3.13328224564108    	3.06542588693972    	157.503317951572    	
2.2703660339631     	2.22015812160138    	157.495785028019    	
1.41168756959135    	1.28015731546291    	157.494703633122    	
0.574657608568983   	0.337689772639294   	157.498970948744    	
-0.231521447385874  	-0.55447989351396   	157.507951617365    	
-1.07161648428303   	-1.50983077009595   	157.518832982502    	
-1.91444994144185   	-2.47836975051229   	157.497623309564    	
-2.76587762475007   	-3.40090720246982   	157.503201875088    	
-3.5416141807395    	-4.3881955395174    	157.521514022819    	
-4.33144232631596   	-5.36069745006447   	157.515107641917    	
-5.09635140176726   	-6.30453545204247   	157.474424032386    	
-5.87410727588879   	-7.25135346211979   	157.48643575622     	
-6.69411462755958   	-8.26237878423354   	157.501343674031    	
-7.44525800440334   	-9.22063432896693   	157.519080969979    	
-8.22471000915442   	-10.2334055355576   	157.453170817915    	
-8.96176316671506   	-11.2385088880378   	157.520002806755    	
-9.72007165601325   	-12.2176617251858   	157.483579351099    	
-10.4566150433096   	-13.250766052521    	157.555613260559    	
-11.1807773868401   	-14.2406346342296   	157.499550401374    	
-11.9058048271813   	-15.265009132804    	157.492491380662    	
-12.5670071501244   	-16.2939838721092   	157.523277592312    	
-13.3131658885905   	-17.382275779212    	157.520835065594    	
-13.9709626578061   	-18.3559275933166   	157.499946702918    	
-14.6607395478143   	-19.4421654368503   	157.503809703378    	
-15.3598315160593   	-20.4914801606915   	157.492964202086    	
-16.0418144250386   	-21.5590155162037   	157.480004487239    	
-16.6806596616259   	-22.6066458527295   	157.496229691143    	
-17.3607147947825   	-23.6613504627173   	157.492281143927    	
-17.9991001816089   	-24.7148853069124   	157.499773494701    	
-18.7537756659137   	-25.6173196053103   	157.505427231386    	
-19.7457840274402   	-24.9300690719783   	150.512559743349    	
-19.4099818403055   	-23.8371211830561   	150.520555164463    	
-18.8604909763634   	-22.7202885535002   	150.484805407178    	
-18.2914921766714   	-21.6002790404996   	150.526695158676    	
-17.7713355163658   	-20.5032597229163   	150.515100342983    	
-17.1734858927173   	-19.349473727568    	150.50341079936     	
-16.5797839936069   	-18.2657646635762   	150.497569676041    	
-15.9830615906068   	-17.218621589866    	150.460102465997    	
-15.3982189480546   	-16.1344305303645   	150.507781874356    	
-14.7394328102763   	-15.0158999353538   	150.492623511029    	
-14.098671497542    	-13.9947553404924   	150.514578129416    	
-13.4516663131328   	-12.9474065939042   	150.495101227145    	
-12.7487314386412   	-11.8968531188646   	150.48328285061     	
-12.1131524550508   	-10.8493239856117   	150.484510989124    	
-11.3960886070395   	-9.80232151123698   	150.477506621188    	
-10.6895669268773   	-8.79504313211453   	150.476465187754    	
-9.92499380853386   	-7.80330505292878   	150.529351546035    	
-9.22466352499858   	-6.8021782899819    	150.526623371466    	
-8.45271234441464   	-5.80560746451516   	150.504691213136    	
-7.69359862419844   	-4.84853973245956   	150.53244061696     	
-6.90129479983453   	-3.8529791990554    	150.500591912168    	
-6.06726633695323   	-2.88848413659977   	150.47918773968     	
-5.29363496845236   	-1.97882543352393   	150.513613922514    	
-4.45085953812208   	-1.06356344673748   	150.512573485616    	
-3.62262071597872   	-0.116502685865931  	150.535484828052    	
-2.75077172092819   	0.773959053354834   	150.494063003434    	
-1.91996358077722   	1.62978172710653    	150.474264537727    	
-1.03631437471855   	2.54348604694578    	150.487262157357    	
-0.0787387417492906 	3.39450370272221    	150.490067282441    	
0.809733011071397   	4.21762202574993    	150.482215349019    	
1.70262454638931    	5.04989688754243    	150.494172395891    	
2.67370135585028    	5.84500631090044    	150.495896788984    	
3.59041624981696    	6.69113097184132    	150.471606307805    	
4.58245991807209    	7.43866040953004    	150.49465747038     	
5.55142203936063    	8.23304104105572    	150.49280502056     	
6.56942754995828    	8.96395702275668    	150.491395911698    	
7.56817676796477    	9.67696361279917    	150.487810040282    	
8.60285373766908    	10.3668460334259    	150.509368370709    	
9.61980428358275    	11.0639791538247    	150.472153423978    	
10.663316813467     	11.7069465555409    	150.483888216039    	
11.7741019006807    	12.3574647755512    	150.527293270904    	
12.8296805303404    	12.946883656839     	150.467227200192    	
13.9568646509873    	13.5371449317744    	150.502728874463    	
15.045820953456     	14.0408791168653    	150.506824764159    	
16.1628137923656    	14.5832310929032    	150.510435999899    	
17.2753659892665    	15.0900461425756    	150.519233096662    	
18.4261108347756    	15.5251302321063    	150.475690107881    	
19.6602015035249    	15.949360020524     	150.51801277707     	
20.8333447423012    	16.3588741683843    	150.514073373191    	
22.0258682932884    	16.7380672314697    	150.485178988276    	
23.2253985109424    	16.8802343696289    	150.508079164981    	
22.3528423950787    	16.1733481995389    	150.550899742415    	
21.2392306141753    	15.5639251935229    	150.519725311647    	
20.1410781732384    	15.0193706370588    	150.49402915482     	
19.0630202733483    	14.4300102931492    	150.501102275499    	
18.0320050053925    	13.7818086209069    	150.480141007924    	
16.9266105208547    	13.1758607346146    	150.473824929378    	
15.9085312619629    	12.4825718481146    	150.490441854265    	
14.8600725779831    	11.8081072728778    	150.485343871252    	
13.7886055298353    	11.0860261279175    	150.499826618574    	
12.8297245152334    	10.43187270354      	150.499159713484    	
11.8098782260633    	9.67395389096555    	150.485018223702    	
10.7713121358479    	8.97192595926624    	150.481203037474    	
9.81096736405662    	8.1812861518786     	150.50675092808     	
8.81795754989256    	7.43043903743575    	150.489136684175    	
7.87145695662325    	6.69561318353239    	150.503132439986    	
6.8873678017525     	5.8693584450003     	150.491005850878    	
5.92373749646314    	5.07933923472934    	150.500604230328    	
4.99344883440205    	4.28694809565454    	150.513753228238    	
4.05770512616498    	3.46365191650854    	150.524551112726    	
3.1190619366442     	2.62850736767402    	150.494443476458    	
2.17503832803931    	1.77482115328867    	150.488220050007    	
1.32283215935849    	0.929344993738298   	150.508441633489    	
0.416475119518418   	0.0613768872559251  	150.492507087236    	
-0.511774169885222  	-0.798933895938213  	150.483310540729    	
-1.34704762254292   	-1.63530194287492   	150.475273314874    	
-2.25601996907025   	-2.572599653593     	150.517131172548    	
-3.12892538865891   	-3.43965924855245   	150.502423586371    	
-3.91988661000885   	-4.36279400935581   	150.473611565017    	
-4.80703290122332   	-5.26493816112341   	150.455761102346    	
-5.62354651586923   	-6.16621846164547   	150.475835872174    	
-6.43498975551262   	-7.1226892776643    	150.508768565489    	
-7.23497838462635   	-8.04498830808822   	150.517369017535    	
-8.06991112531381   	-8.9974855146598    	150.497660104347    	
-8.84734737092051   	-9.95182474865356   	150.470561006621    	
-9.67775895118735   	-10.9345654903333   	150.526311049705    	
-10.4164804608609   	-11.8946634792739   	150.51835629484     	
-11.183998064679    	-12.8292683117287   	150.504605207567    	
-11.9411765915756   	-13.8077885004045   	150.480643833114    	
-12.6858074674426   	-14.8353050349575   	150.490697944911    	
-13.452204829001    	-15.8190775492411   	150.483447747006    	
-14.1555435882575   	-16.8642235440643   	150.505954320025    	
-14.8789563359559   	-17.8674706087745   	150.493923658687    	
-15.6133768834964   	-18.8894712804825   	150.504982547942    	
-16.2848272840278   	-19.8999666081016   	150.493380355956    	
-17.0288842962281   	-20.9307439542251   	150.504488823831    	
-17.6837068570207   	-21.9727250994055   	150.485072574614    	
-18.3337555395198   	-22.9825746755941   	150.502142974549    	
-19.040709634258    	-24.0276700323458   	150.544356488054    	
-19.7562701799916   	-24.9286604296958   	150.507680064782    	
-20.8179662189629   	-24.3467416586921   	143.48977659774     	
-20.4618470815841   	-23.1686681925537   	143.497347068819    	
-19.8930973245796   	-22.0714309091334   	143.522403375568    	
-19.3908454900145   	-20.937892066588    	143.49259159658     	
-18.7769321731731   	-19.8245077322772   	143.508616269746    	
-18.1854855015463   	-18.7533901478117   	143.498064825432    	
-17.6278781143397   	-17.6506986413362   	143.556407520891    	
-17.0157024784148   	-16.5877723567483   	143.48709123933     	
-16.3665166914698   	-15.5084355080703   	143.494451960199    	
-15.7244250953873   	-14.4543775899133   	143.535970271748    	
-15.0586316698097   	-13.3829941376543   	143.498340979306    	
-14.4105354110335   	-12.2983860886504   	143.520870646919    	
-13.6900412804605   	-11.2959901253938   	143.51469892747     	
-12.9824045098476   	-10.26729522815     	143.504201769898    	
-12.2690819752707   	-9.26095641431251   	143.516612518679    	
-11.5217934079193   	-8.23909937536474   	143.522783806778    	
-10.7687100015724   	-7.21567691568471   	143.511345833107    	
-10.0098620292493   	-6.26113616153902   	143.485262589096    	
-9.24698414800033   	-5.30412987016498   	143.450025704782    	
-8.39569848506546   	-4.38487632911983   	143.480225163992    	
-7.59899700792521   	-3.40208246258812   	143.500786191218    	
-6.77991127403585   	-2.50206417694757   	143.522750556122    	
-5.95040725236385   	-1.58139602483906   	143.478763395112    	
-5.081512362408     	-0.682595508695645  	143.504789250051    	
-4.20769136250822   	0.203776409919635   	143.472532539041    	
-3.28874437055122   	1.05074092658646    	143.501669291938    	
-2.38390974640579   	1.9226779605725     	143.493060568353    	
-1.4867022280019    	2.71428997570567    	143.491886467878    	
-0.534119164004588  	3.58226238968912    	143.466186804674    	
0.399697110260857   	4.35894716943324    	143.495032089284    	
1.4210280335293     	5.14415762288198    	143.490598446767    	
2.40473177636498    	5.93343696121898    	143.504806712482    	
3.41192100169839    	6.64692933875618    	143.509562458035    	
4.43314990339092    	7.3721364819992     	143.544095631101    	
5.45934793395239    	8.05135623080645    	143.503530398196    	
6.50006375955827    	8.67350592937591    	143.521568137428    	
7.57171653349566    	9.33539315261553    	143.513773896487    	
8.65805247041225    	9.89772310867289    	143.507094740791    	
9.75580720266415    	10.525980298613     	143.509881752556    	
10.8870224539153    	11.0553734018545    	143.514838799423    	
12.0062975740332    	11.5937510960909    	143.532065352841    	
13.1960675452454    	12.0468732178484    	143.505279005102    	
14.3576010541372    	12.4686241820713    	143.473069058429    	
15.5005807858301    	12.8789628757993    	143.516005254151    	
16.753683914949     	13.2017519900901    	143.495490551939    	
17.9443601026354    	13.493182131373     	143.480574890086    	
19.1535658538859    	13.7273952746037    	143.521264297524    	
20.3873934680422    	13.941322869418     	143.512273964466    	
21.6507445956867    	14.0613623730807    	143.53083507231     	
22.8512455536604    	14.164918269905     	143.489621392788    	
24.1019143863788    	14.2291124180771    	143.48493096555     	
23.8357415865906    	13.6382689951877    	143.499593741319    	
22.6355806250258    	13.3199266083195    	143.472602110255    	
21.4471514296984    	12.9351407342048    	143.489257985184    	
20.3263130637563    	12.4966280561848    	143.477844721917    	
19.1394248844025    	12.0026092248164    	143.506714208001    	
17.9991083307892    	11.5420921760419    	143.491007152385    	
16.8984122259778    	10.9878293154711    	143.499302490899    	
15.7700968740771    	10.4599036515652    	143.523879171087    	
14.6291920537031    	9.90430393974082    	143.511786847145    	
13.5239253232217    	9.32678049387857    	143.522708568293    	
12.5011282999157    	8.68321246710231    	143.486727189108    	
11.3850014451143    	8.03236581825204    	143.503237277997    	
10.3470186280344    	7.39742860253285    	143.485697195235    	
9.28862278473932    	6.71907689505337    	143.484487455929    	
8.25143374631388    	5.99907621100795    	143.51423299103     	
7.26257041804335    	5.30674404531229    	143.478984971031    	
6.20759555372115    	4.55576677715306    	143.48917296439     	
5.23889063888134    	3.83004558103159    	143.455023200086    	
4.28387785675042    	3.06194244136338    	143.498788123014    	
3.28374894816122    	2.31219140842587    	143.497537531557    	
2.33332952548901    	1.49603278020908    	143.515065387197    	
1.35772990399216    	0.743499851074541   	143.495980032975    	
0.408537909777818   	-0.0920551500752398 	143.489515885705    	
-0.54812993668665   	-0.946107726513624  	143.500517493188    	
-1.45870410604615   	-1.76916625449261   	143.484574410229    	
-2.35760206380733   	-2.59829958157268   	143.468436026409    	
-3.26451515174311   	-3.42213749067079   	143.498093081281    	
-4.165074629609     	-4.33669356030357   	143.459886243107    	
-5.0743256790808    	-5.20712008421279   	143.475345449418    	
-5.94874840316444   	-6.07854191963258   	143.499443217661    	
-6.8274373533359    	-6.95612201145842   	143.487456840409    	
-7.67593811440067   	-7.87071750242714   	143.540609833756    	
-8.5180514683975    	-8.78428999752199   	143.513429991138    	
-9.3479911268632    	-9.68282890974911   	143.532367038644    	
-10.1543252673139   	-10.6270995880859   	143.532237181411    	
-11.0318977870455   	-11.5236249240322   	143.5087084634      	
-11.8034714023821   	-12.5112601792532   	143.513746752711    	
-12.624654707651    	-13.4556512761164   	143.520391790956    	
-13.3877395622627   	-14.403416466484    	143.500150538374    	
-14.1843437438623   	-15.3687376958885   	143.498777846246    	
-14.9255698881772   	-16.3438415652952   	143.48286993297     	
-15.7113774838327   	-17.3474527833643   	143.475256153807    	
-16.4797492758644   	-18.3261920621883   	143.474561376139    	
-17.2100371386373   	-19.3446690430117   	143.483302797495    	
-17.938071755037    	-20.3507414352293   	143.460888980238    	
-18.6121608774142   	-21.3856961862149   	143.512866870827    	
-19.3553275428935   	-22.4472307435132   	143.483644118975    	
-20.0561041764469   	-23.4415286255059   	143.446433982954    	
-20.7918274216813   	-24.3006642983861   	143.498344303974    	
-21.4593337458015   	-23.5361446720657   	136.510348545612    	
-21.1391976440972   	-22.3577036032425   	136.490497151369    	
-20.6202007416122   	-21.2772043956506   	136.490496344783    	
-19.994325207675    	-20.1665312116217   	136.476040129814    	
-19.497796346512    	-19.0230639510039   	136.494373446743    	
-18.878430415062    	-17.9302880069991   	136.515910583089    	
-18.280386028864    	-16.823059707167    	136.487181510344    	
-17.6363676979302   	-15.7330281250738   	136.499746990897    	
-17.0263816549213   	-14.6693984887047   	136.526345997263    	
-16.4210865089931   	-13.6495926610715   	136.510177007084    	
-15.7253285864016   	-12.5360210567678   	136.487476742149    	
-14.9990298100362   	-11.5064711852243   	136.490677718254    	
-14.2994181659662   	-10.4740550380748   	136.49263665705     	
-13.6087714954402   	-9.47542102638609   	136.514066018287    	
-12.8760150452865   	-8.44063392167662   	136.517896788506    	
-12.0925441697807   	-7.46403182365298   	136.504723782759    	
-11.3570924679436   	-6.46319296247899   	136.518854555884    	
-10.5382321796482   	-5.53504389170261   	136.456396159208    	
-9.72413850933376   	-4.50944413374006   	136.493282753609    	
-8.91250123879763   	-3.59482053264367   	136.536332790125    	
-8.0614107371123    	-2.66138495706277   	136.517598900265    	
-7.19987807324291   	-1.77171655214721   	136.469230284824    	
-6.33424965931803   	-0.882956967041766  	136.479985408783    	
-5.41845599990049   	-0.00782895684405354	136.506998880102    	
-4.51267016953404   	0.828710179817871   	136.493786080451    	
-3.60268542790894   	1.67488277003975    	136.499729946992    	
-2.63775162471157   	2.46885344521069    	136.514056628597    	
-1.65004590150441   	3.27611393723412    	136.519747421252    	
-0.702061296913553  	4.03869408099269    	136.516439163265    	
0.292206731829794   	4.80292653957064    	136.49690181128     	
1.32640069947427    	5.49184600207338    	136.505656805102    	
2.39167298008842    	6.22686140740417    	136.475772991682    	
3.44914458906015    	6.85132855947051    	136.5117246056      	
4.52635955180657    	7.49903683411817    	136.516922350236    	
5.62766346517736    	8.08869156753484    	136.511607048355    	
6.72642287506925    	8.67625376124479    	136.503369085661    	
7.90023531736454    	9.18572384317878    	136.476793818312    	
9.0169921394229     	9.65954243458648    	136.46632109799     	
10.1612427784568    	10.1043718306843    	136.504587742443    	
11.3492782667698    	10.51793338141      	136.516033685502    	
12.5483057078995    	10.8978508407243    	136.506128159777    	
13.7735097943575    	11.2337853082548    	136.505201376029    	
15.0008387408812    	11.5144442192852    	136.500558298201    	
16.2159378077813    	11.6796472633032    	136.509846930975    	
17.4600674043587    	11.8853306503339    	136.522992583558    	
18.7099758325343    	11.9512092854505    	136.497427074386    	
19.9138475259862    	11.9835879610016    	136.480750045463    	
21.2220238343473    	11.9597171339699    	136.500026207478    	
22.4325297303668    	11.8788931248701    	136.547226823722    	
23.6950577103255    	11.7960985173507    	136.472113998104    	
24.9160439073236    	11.5698883960168    	136.504140773917    	
25.4783781481892    	10.9999974191101    	136.500408622999    	
24.2239867934088    	10.8144923722589    	136.464860871161    	
22.9372077858118    	10.6529892952435    	136.488869116601    	
21.7364046390282    	10.4599680879701    	136.509539603793    	
20.4726721666803    	10.2030015305349    	136.492091398235    	
19.3063277512139    	9.8580993579327     	136.500182382231    	
18.0886822596536    	9.50445597253951    	136.484919158342    	
16.9186156791978    	9.09956000715544    	136.501528068349    	
15.7249748121939    	8.67335146317635    	136.52129383075     	
14.5738405702362    	8.27944430051179    	136.500430069598    	
13.4041662448456    	7.76310429667018    	136.521560067206    	
12.3134255984647    	7.25887612618942    	136.494896799948    	
11.1575608040218    	6.70501673993089    	136.482254053562    	
10.0530968023625    	6.18070322450626    	136.499699360215    	
8.95295058358905    	5.54965573736414    	136.505584553801    	
7.84277202978321    	4.92966259887561    	136.479555567789    	
6.79368285610798    	4.28192492994127    	136.479416210748    	
5.71417722436172    	3.62662885531807    	136.51592956786     	
4.68493355560661    	2.92235659289669    	136.494422236859    	
3.65696584406468    	2.24243822114759    	136.505337931843    	
2.62156100057795    	1.54701250405272    	136.470948626873    	
1.63005908778735    	0.752858579631758   	136.475387797479    	
0.652867112512608   	0.0196519419929761  	136.500623374512    	
-0.39115471751488   	-0.712180381268079  	136.513332189083    	
-1.3395372450329    	-1.53737903186226   	136.541252802853    	
-2.31677032318235   	-2.29614130349788   	136.489375618884    	
-3.25053442183476   	-3.13281371527136   	136.484050083357    	
-4.16240567442621   	-3.93004540621541   	136.522913294968    	
-5.09795195905385   	-4.8251279717128    	136.518926883361    	
-6.05539452242968   	-5.65088259281622   	136.525086699518    	
-6.91967367020693   	-6.51820581909429   	136.49662402116     	
-7.84499337861984   	-7.36493631199464   	136.493995879969    	
-8.67097775209657   	-8.29567915438751   	136.504692530077    	
-9.57071674764978   	-9.19498771594894   	136.498752945103    	
-10.4305465069829   	-10.0741681053707   	136.525453170407    	
-11.3472950027847   	-11.0027586703729   	136.543168642676    	
-12.1501920006243   	-11.951571316824    	136.472415862733    	
-13.0124554183494   	-12.8433375968371   	136.487490740475    	
-13.8102869051543   	-13.7840801480827   	136.479023828729    	
-14.5925529250076   	-14.7083652927704   	136.486673051741    	
-15.3906248201136   	-15.6841526739961   	136.506131684172    	
-16.1950928291561   	-16.6913720325515   	136.52281496736     	
-16.9359633620317   	-17.670838596298    	136.539583897154    	
-17.7551057869653   	-18.6358130524657   	136.526030410013    	
-18.4675889460725   	-19.6314127203563   	136.48014325308     	
-19.2282106517031   	-20.6159712641918   	136.497736419481    	
-19.9552303882878   	-21.6554925686469   	136.507722694327    	
-20.7089028617938   	-22.6741968107876   	136.497759502892    	
-21.4424624143608   	-23.5268198452435   	136.479772852659    	
-22.0771050622731   	-22.668692840172    	129.494329585208    	
-21.7110585540314   	-21.5144667301518   	129.51126153044     	
-21.2466883009269   	-20.3979245202976   	129.464361878374    	
-20.6402146004994   	-19.2824195772121   	129.473556542624    	
-20.0907619712366   	-18.1257719108193   	129.498067750717    	
-19.5061283317604   	-16.9897337006127   	129.527459959057    	
-18.8946640909659   	-15.9132589728897   	129.476629403135    	
-18.3022468658638   	-14.8385794065406   	129.518612900092    	
-17.6703576716266   	-13.7368593214648   	129.49946578566     	
-16.9366064101726   	-12.644095830293    	129.478479244604    	
-16.2629794022505   	-11.5662326036677   	129.49292390045     	
-15.6236841489071   	-10.5635442120134   	129.515319541915    	
-14.8677843998662   	-9.51616920556584   	129.483084739263    	
-14.0901266296777   	-8.50191629890534   	129.459145562676    	
-13.365533057993    	-7.50316075523436   	129.494015355034    	
-12.5964909224969   	-6.50393691289834   	129.49628941934     	
-11.7804771247971   	-5.50503761291333   	129.505335396341    	
-10.9607157844815   	-4.60018108747595   	129.475325383039    	
-10.1088016963062   	-3.63893277119038   	129.498529498596    	
-9.21830120255261   	-2.70329093399848   	129.456695417928    	
-8.38772825333197   	-1.7989312382913    	129.469414443958    	
-7.49362896027128   	-0.916091249993049  	129.526399010782    	
-6.56227755213452   	-0.0415093386333885 	129.514382101774    	
-5.65434432017688   	0.797923729374176   	129.470804659932    	
-4.67123476429841   	1.60159959345419    	129.484760824929    	
-3.6856951148846    	2.4284180279917     	129.482404463896    	
-2.66532898786481   	3.18741688316683    	129.484841463911    	
-1.65340174685408   	3.92113683822415    	129.495484891731    	
-0.581030808529522  	4.6130243623503     	129.487912704069    	
0.430651478411676   	5.30142679909738    	129.524310691526    	
1.5388850440672     	5.97770366728609    	129.462127625137    	
2.61356439619446    	6.56273002669313    	129.49920073638     	
3.74221199168518    	7.15758851155277    	129.482588134227    	
4.85833976038694    	7.67791885289336    	129.530389777774    	
6.02221996682651    	8.21745300002796    	129.477549468519    	
7.19050386628368    	8.68889620269171    	129.504474231924    	
8.36621340778443    	9.07826927430041    	129.52461182181     	
9.60254979041953    	9.41037895690485    	129.489198388872    	
10.8483206397369    	9.73444683857502    	129.491177497105    	
12.0579968866534    	10.0165875503284    	129.495924520564    	
13.3065181825318    	10.2288523981595    	129.479577567118    	
14.5482628251462    	10.3548059966939    	129.480089761848    	
15.8499923017706    	10.4302861812389    	129.51904570745     	
17.100276218182     	10.4998473823845    	129.548726455925    	
18.3507920348651    	10.4643962179343    	129.517549078259    	
19.5735279288388    	10.3617195182797    	129.503475907949    	
20.8590400851678    	10.250784534184     	129.494033185382    	
22.087580204275     	10.0313507888197    	129.518645082304    	
23.3115130829756    	9.7194593275879     	129.526046446619    	
24.5615357326153    	9.40127680962108    	129.486412335422    	
25.7606822498992    	9.04446972335672    	129.494434117371    	
26.8960778733984    	8.54043544804367    	129.5437824334      	
25.8495282649405    	8.24461722214824    	129.511589369495    	
24.6024149012152    	8.26747165551535    	129.504255896789    	
23.3218528071685    	8.22533223064657    	129.514979523732    	
22.0628040939819    	8.13077420824105    	129.531661082559    	
20.8151973884601    	8.00568723225882    	129.484737525828    	
19.56153010927      	7.84437900921361    	129.473543589635    	
18.3489131122777    	7.6418702375072     	129.481512735437    	
17.0720370715655    	7.39491113061632    	129.514896600934    	
15.8585309878425    	7.09209342911919    	129.495921507753    	
14.6304971449493    	6.71706535150144    	129.540510492194    	
13.4207167652721    	6.35162340699778    	129.467719165035    	
12.2122892027583    	5.95108118978854    	129.514397153164    	
11.066640502322     	5.49872324932866    	129.473711565952    	
9.8888571609697     	5.00775413653873    	129.500173285163    	
8.76486448265018    	4.52510011253983    	129.52778802497     	
7.60261673475451    	3.98303186551159    	129.49688063002     	
6.42391136060641    	3.44397701198675    	129.488156939605    	
5.33816142157878    	2.8776274135749     	129.493739765587    	
4.24692294990338    	2.21725001399208    	129.49431679733     	
3.20995411132795    	1.55645199531157    	129.49160370507     	
2.09578085506048    	0.89929854949247    	129.485703916561    	
1.06184816449262    	0.220529786758705   	129.485029648699    	
-0.0425694020664886 	-0.513877356157571  	129.511138465656    	
-1.02711142834404   	-1.21724923034044   	129.490510946936    	
-2.05941997958941   	-1.96462385843012   	129.527255966933    	
-3.05326569188385   	-2.71503034688518   	129.495188378679    	
-4.03415417813454   	-3.48905410613027   	129.509185302534    	
-5.03704939918143   	-4.29708859116902   	129.499510517302    	
-5.98348406331962   	-5.1601552846468    	129.519331409286    	
-6.92241874935531   	-5.9335559329038    	129.492268309512    	
-7.85799174084016   	-6.75729805631312   	129.469451111594    	
-8.81079717383956   	-7.63914883849271   	129.536510465253    	
-9.71574731648981   	-8.53307326060547   	129.495082407454    	
-10.6272971037752   	-9.42174640635547   	129.508892058376    	
-11.5122973348939   	-10.2909629574068   	129.506973994994    	
-12.4051067678504   	-11.1710157784137   	129.507909536035    	
-13.2592146688762   	-12.1066473185888   	129.490571880007    	
-14.0852047736531   	-13.0402411353606   	129.478690884183    	
-14.9075748623336   	-13.9343136818188   	129.472631780076    	
-15.76554355777     	-14.8905578744399   	129.492221920224    	
-16.6027670229766   	-15.8948125686445   	129.459870807493    	
-17.4532130231652   	-16.8416452344585   	129.53031519656     	
-18.2040425007066   	-17.8030393942065   	129.52602590916     	
-19.001854603473    	-18.7917685850857   	129.483868525513    	
-19.7824745684731   	-19.8199254844676   	129.474494407314    	
-20.5304292846544   	-20.7875549104763   	129.476100066649    	
-21.2625895089466   	-21.8421420873015   	129.518174126121    	
-22.0982692005227   	-22.699219637074    	129.495465936642    	
