-14.7535583708799   	-28.6197535312448   	185.511497982267    	
-14.4203187887194   	-27.4234527907439   	185.530777498602    	
-13.9116806119394   	-26.2850912292208   	185.514832446316    	
-13.4281024613266   	-25.117591053654    	185.499876042297    	
-12.9151004404433   	-23.9291557389516   	185.503217311557    	
-12.3286034058908   	-22.7878305274029   	185.47694514895     	
-11.7988847612044   	-21.6163837083209   	185.502283858677    	
-11.2733411190506   	-20.4176121616374   	185.484658677001    	
-10.7120327873724   	-19.2711714731336   	185.505693039386    	
-10.1640587809712   	-18.120630794708    	185.500425266611    	
-9.59550097695636   	-16.9342248506498   	185.49163950877     	
-9.00084740995929   	-15.8004377156213   	185.534773737343    	
-8.46951123281776   	-14.6644318103922   	185.485065934713    	
-7.92487596957976   	-13.4651079103771   	185.513652660362    	
-7.35703875252174   	-12.3226550033177   	185.519653282588    	
-6.72329923874708   	-11.1300543840439   	185.477598612399    	
-6.14619830458455   	-10.012176534091    	185.521794066014    	
-5.58301345693152   	-8.90097014184535   	185.503601307759    	
-5.00237233845966   	-7.6958037764897    	185.47922333939     	
-4.34968060700086   	-6.59315044920228   	185.485747758378    	
-3.77229331494939   	-5.43633132627911   	185.486449138366    	
-3.14960433630404   	-4.30861655893924   	185.50459075444     	
-2.57955221393709   	-3.17533971405625   	185.492383053892    	
-1.94712145535607   	-2.00747107589559   	185.50145078773     	
-1.37519908720867   	-0.90454857095354   	185.467418298162    	
-0.711538514688993  	0.235013468211736   	185.488920695415    	
-0.0998744253034718 	1.36224844680683    	185.491250973905    	
0.53396753566082    	2.47538654786931    	185.474572589487    	
1.17425808322477    	3.5840139266933     	185.504842643752    	
1.7901125099549     	4.73943784085824    	185.516342802486    	
2.44299485829918    	5.84780107288213    	185.485680969008    	
3.04861396155845    	6.97821758517581    	185.513679609255    	
3.72869117550897    	8.06253873248308    	185.513641549946    	
4.34293184312473    	9.23172865412787    	185.508241882712    	
4.97682036777983    	10.3332060554544    	185.519784648106    	
5.62814302534951    	11.4345247616258    	185.473723289136    	
6.30694098817467    	12.5532835083337    	185.505014474434    	
6.92561260307664    	13.6881905087389    	185.52162160421     	
7.56737886443451    	14.7797794296579    	185.497964065902    	
8.25454524093194    	15.8966815168549    	185.474305664869    	
8.86839926865167    	16.9870803202563    	185.487758740631    	
9.55543943436432    	18.0929344175402    	185.502186303206    	
10.1556155584139    	19.2470244398914    	185.487717141854    	
10.8379160322474    	20.3628755305655    	185.480078268914    	
11.4845906782179    	21.4997773982255    	185.452538517804    	
12.149881753973     	22.5999216449091    	185.467457247863    	
12.7808550167363    	23.7208518005106    	185.5063292501      	
13.4379667374676    	24.8337730169126    	185.480538328917    	
14.0398493615682    	25.9618837677684    	185.509277595844    	
14.6330574866311    	27.0444810666893    	185.481673071113    	
15.0348513562364    	26.8909108792036    	185.481982989258    	
14.494237962693     	25.7629949582278    	185.515075246805    	
13.9029183405416    	24.5838456540241    	185.494472013437    	
13.2793220373181    	23.4400946487493    	185.497059764072    	
12.7401008645983    	22.3109418619255    	185.520537603226    	
12.0963863935132    	21.2123383451153    	185.485924009657    	
11.5247980075859    	20.0691755058839    	185.499263494517    	
10.9012640946636    	18.9311768142305    	185.47341085242     	
10.2917635814796    	17.7773108194648    	185.506668914805    	
9.63577811455296    	16.6226993447687    	185.488486657643    	
9.05668814359275    	15.4779539563281    	185.515429647117    	
8.44295935900892    	14.3755230926779    	185.491827340167    	
7.80217473015648    	13.2509178341815    	185.503714837469    	
7.21178633732557    	12.1432619208906    	185.450597714216    	
6.55185885385376    	10.9924468447307    	185.47683799654     	
5.93587045410553    	9.87477219824752    	185.479913118366    	
5.33038395794012    	8.76445564517844    	185.493495240636    	
4.68061611641528    	7.60657837293786    	185.477272440764    	
4.05014674671331    	6.48124323275812    	185.511856281611    	
3.46541405766568    	5.35558804961127    	185.512993371879    	
2.82160194065881    	4.20085706951054    	185.482233442312    	
2.16618141466856    	3.09169554172251    	185.531446971556    	
1.54887798139898    	1.98758434189859    	185.474493857387    	
0.932696635358835   	0.896430872637386   	185.495116665445    	
0.270003978907628   	-0.257517673915569  	185.504718920419    	
-0.311179396356694  	-1.43069587224758   	185.5482169128      	
-0.91664372045203   	-2.49679492086987   	185.487331538244    	
-1.54796137202021   	-3.63447951439029   	185.500418370884    	
-2.21916713735765   	-4.77153850974984   	185.51670826785     	
-2.82445906057596   	-5.89011087732241   	185.502875936736    	
-3.42518153747801   	-7.06000692013519   	185.489238783932    	
-4.02403327818865   	-8.18618279535123   	185.481595737421    	
-4.63546990168769   	-9.28927823337701   	185.52120069447     	
-5.27879148523162   	-10.39913771086     	185.521208002459    	
-5.86763533372422   	-11.5633001608982   	185.474652663755    	
-6.49287366588863   	-12.7144897754356   	185.519525155532    	
-7.07643237038759   	-13.8676385278104   	185.480810621366    	
-7.67206765916815   	-15.0012208381101   	185.498067420987    	
-8.25437311269853   	-16.1415065285806   	185.483271813693    	
-8.84455879654701   	-17.2688875976454   	185.477711492608    	
-9.46279039237335   	-18.459132756206    	185.525490074968    	
-10.0594470874776   	-19.5772177542692   	185.508587877586    	
-10.6251842091967   	-20.7111898153013   	185.49556195342     	
-11.1791933237578   	-21.8559943986557   	185.502184858462    	
-11.7770063353488   	-23.0177116973981   	185.538693333425    	
-12.3527360714892   	-24.1789791289341   	185.515611145169    	
-12.9509218875119   	-25.3642050165566   	185.468941341982    	
-13.519840723694    	-26.5033952078173   	185.494545899914    	
-14.0549568592791   	-27.6359020602985   	185.496749374858    	
-14.7761997840842   	-28.6417248404349   	185.533057333459    	
-15.7493110293846   	-27.8751980101663   	178.505769494079    	
-15.4258527801672   	-26.7428964255248   	178.509367883761    	
-14.8786039423252   	-25.5385257006931   	178.511083894108    	
-14.3798696144957   	-24.3915897362397   	178.541085534924    	
-13.8125675323972   	-23.271442789537    	178.476441559847    	
-13.2818267636649   	-22.0820137843301   	178.500915424108    	
-12.7124997976743   	-20.9498813251213   	178.452621211264    	
-12.1039435263564   	-19.7876819959179   	178.481621648048    	
-11.5618356926987   	-18.5975667406431   	178.507856909676    	
-11.0305007114114   	-17.5302467630784   	178.48348590678     	
-10.4581196941145   	-16.3506934358987   	178.498324662202    	
-9.85976139731417   	-15.245345604222    	178.50864189205     	
-9.25605284611313   	-14.1008636273648   	178.493492215332    	
-8.64453290114849   	-12.9748652411892   	178.504142015962    	
-8.04484668667402   	-11.852253875526    	178.483807636396    	
-7.40998982054343   	-10.7066817674826   	178.511224465409    	
-6.82063869062031   	-9.59242996426128   	178.491169207654    	
-6.17008036793106   	-8.50816216186933   	178.520995777711    	
-5.568593949612     	-7.35506553742077   	178.47761771697     	
-4.90309938346735   	-6.2595210400301    	178.517811684287    	
-4.24007228656033   	-5.1790672386561    	178.523851012229    	
-3.57856212604403   	-4.05193243398392   	178.467332099348    	
-2.9869301772573    	-2.9988055276325    	178.516942317711    	
-2.28948781762994   	-1.87550443056645   	178.478095151925    	
-1.66740933808591   	-0.780247724595576  	178.467579330467    	
-0.981649869737706  	0.307788250445978   	178.510000622745    	
-0.315580456569954  	1.38533051853572    	178.48583430813     	
0.370611634444957   	2.47228460388512    	178.48590053131     	
1.0704478483615     	3.58418654873323    	178.490502926895    	
1.75392735149762    	4.6617502876504     	178.490017958278    	
2.44035934703871    	5.68156239149302    	178.502176818511    	
3.15954301504284    	6.73918402147014    	178.489813108455    	
3.86826467460619    	7.8059903627276     	178.518961983114    	
4.57557586075653    	8.89929583313997    	178.474429273104    	
5.31531848830492    	9.95652561062377    	178.466697287114    	
6.04763019031235    	11.0404926586981    	178.48086943756     	
6.71920334307773    	12.0869339249244    	178.507219077492    	
7.47098782625225    	13.1659655860744    	178.474041955637    	
8.16889380061344    	14.1609276967077    	178.474224275696    	
8.91382015597985    	15.2184155475586    	178.512682720362    	
9.67577638362421    	16.2810082219007    	178.474960874465    	
10.4050388535022    	17.3142257131011    	178.503595724406    	
11.1439544954822    	18.3308190854452    	178.477380366986    	
11.8899362078621    	19.3967551989824    	178.465316118431    	
12.626018745559     	20.421655108913     	178.476796545241    	
13.3506251398713    	21.4534378322719    	178.501191374435    	
14.0733586683009    	22.5250723958975    	178.473768366664    	
14.8471655446284    	23.5631560483995    	178.508693867865    	
15.6060133120267    	24.601642503648     	178.505380064263    	
16.3502900469371    	25.6559246416395    	178.540222092667    	
16.7861372789077    	25.5452784070009    	178.49698051416     	
16.0543779417176    	24.4450580748777    	178.477730956645    	
15.4080200222109    	23.3787101149159    	178.477750850856    	
14.7101676164302    	22.3042354028103    	178.485515311536    	
14.039099082893     	21.2218249361025    	178.516157802651    	
13.3562098900221    	20.1364098134486    	178.487975700948    	
12.6471238249556    	19.0743185661337    	178.499750933955    	
11.9445096460724    	17.9433339825336    	178.505003953037    	
11.2460350322173    	16.9023402384614    	178.47766080448     	
10.5874129810715    	15.8170171408005    	178.48772060141     	
9.88141254959163    	14.7282708157774    	178.484355346144    	
9.19349236221847    	13.6859769527612    	178.547215497286    	
8.45001112851235    	12.590251458975     	178.511915077848    	
7.7844673852886     	11.5191174558289    	178.473716373202    	
7.09603887284376    	10.4944909462321    	178.485457394223    	
6.42064102689563    	9.42097859508754    	178.504015210917    	
5.70988590945013    	8.29530794804893    	178.476171722257    	
5.00994845613775    	7.22410451411574    	178.517567086732    	
4.30001742926381    	6.19066927063637    	178.524200589377    	
3.64116580069833    	5.13024311398742    	178.508657881209    	
2.94564019838301    	4.01875990684551    	178.530467731877    	
2.24972961588969    	2.94533683678033    	178.531574857656    	
1.53730562149103    	1.8448082662313     	178.518107865897    	
0.887089748860184   	0.747272651011856   	178.479473098901    	
0.221907312352157   	-0.331363311928903  	178.494237980164    	
-0.482700417307635  	-1.39588295471768   	178.497616548633    	
-1.13232960327393   	-2.47562084730162   	178.518311766044    	
-1.84345888341229   	-3.51097876613407   	178.49893466533     	
-2.48702245251259   	-4.67356360020067   	178.502915783154    	
-3.13957487149174   	-5.75732461585171   	178.547709697302    	
-3.80698238190205   	-6.85045488293423   	178.498097785036    	
-4.47705203009488   	-7.93528617823722   	178.524585307618    	
-5.143976507396     	-9.04278675949271   	178.539388711711    	
-5.80573132742807   	-10.1243141467069   	178.48431743637     	
-6.42106931291742   	-11.229862078248    	178.499951567338    	
-7.02367692884609   	-12.3596569368462   	178.481527592207    	
-7.72711220714251   	-13.440777897697    	178.489327579824    	
-8.35766045040903   	-14.586759381146    	178.476960823573    	
-8.98824030230135   	-15.6576281655999   	178.526578767565    	
-9.60082356178424   	-16.7890942873779   	178.511234029031    	
-10.1898310015064   	-17.8968052595942   	178.525479885543    	
-10.8498965130523   	-19.0305155513981   	178.504233532099    	
-11.4621305210814   	-20.1492647492425   	178.497870587948    	
-12.0613876391423   	-21.3054233133752   	178.524593043823    	
-12.6424916736497   	-22.3724832453514   	178.518385230952    	
-13.2601650265348   	-23.4692488748411   	178.473885776939    	
-13.8790805231374   	-24.6653260087194   	178.486670733304    	
-14.4284836245486   	-25.7914544585444   	178.511825211055    	
-15.0388135908124   	-26.8789533374743   	178.486471478133    	
-15.7134416180391   	-27.8500652298245   	178.549505502967    	
-16.7471136487266   	-27.1069867500247   	171.479138800988    	
-16.4018997803494   	-25.9705689840928   	171.489298163551    	
-15.8682947035895   	-24.8362850779066   	171.479168699902    	
-15.3151974051529   	-23.6534844830734   	171.524977314889    	
-14.7809025981111   	-22.5228311678      	171.501972646426    	
-14.197179937325    	-21.3725384756005   	171.511372970708    	
-13.6243516046759   	-20.2618846083898   	171.50217203402     	
-13.0613392989211   	-19.1374745752832   	171.488475051395    	
-12.4550150180859   	-17.9900158326986   	171.522598543081    	
-11.8733088057097   	-16.8730001029822   	171.495018487748    	
-11.2768156603637   	-15.7360545276424   	171.518864648423    	
-10.6439894611466   	-14.6314114130637   	171.482372472001    	
-10.0125734291187   	-13.5520144502532   	171.51489205447     	
-9.41649780169904   	-12.4111331874222   	171.503155840804    	
-8.72349251453494   	-11.3394521408367   	171.494653802001    	
-8.1294389319243    	-10.2367401200019   	171.505251451227    	
-7.4810355831637    	-9.09941248454594   	171.495929076158    	
-6.77172775883566   	-8.0422456504893    	171.518714150164    	
-6.11686731237341   	-6.97597064732277   	171.499530948542    	
-5.4451786503976    	-5.91009272697019   	171.484861108726    	
-4.78215096784488   	-4.8389499131196    	171.485074307135    	
-4.06931134193914   	-3.75390494961363   	171.500514498577    	
-3.34541074868398   	-2.70681692157103   	171.505152889967    	
-2.67077207575028   	-1.64024484569668   	171.503373931535    	
-1.93245341908512   	-0.592334763469577  	171.489328288434    	
-1.22055961736286   	0.432266732480012   	171.493961487264    	
-0.517694748793718  	1.51277003183351    	171.50604148889     	
0.253547157063629   	2.52537873787468    	171.482068858064    	
0.962037583867074   	3.60192235162203    	171.515326334674    	
1.75661327532995    	4.60801923134455    	171.506650606209    	
2.51115846370471    	5.59919027454118    	171.458886437932    	
3.28979620668511    	6.65806625623459    	171.499653440011    	
4.05989500577701    	7.60533909972801    	171.479602291259    	
4.85932545206092    	8.64276256654263    	171.485547624668    	
5.59306251287545    	9.63640675382179    	171.511636143874    	
6.43561746795541    	10.6198308210472    	171.485209570859    	
7.21095504927674    	11.6202165217891    	171.490400726025    	
8.01627966720086    	12.5845719280377    	171.487741563283    	
8.8078323720653     	13.5685428419868    	171.498068556847    	
9.63004180972571    	14.5487896594249    	171.505908507386    	
10.4514910466741    	15.5539768871008    	171.509517597656    	
11.2789133119444    	16.5288655569694    	171.49696027452     	
12.0884992464097    	17.4818092363792    	171.473463171327    	
12.9111776739943    	18.4460779398277    	171.474457755189    	
13.7486906161177    	19.3855682799241    	171.514919470037    	
14.6079185827594    	20.3605056459522    	171.502552401322    	
15.4620588653559    	21.2759954502157    	171.532024238114    	
16.2530556565099    	22.2566379432715    	171.50181788509     	
17.1520968209105    	23.2077948842794    	171.454182230467    	
18.0141702903287    	24.1533980449909    	171.496890609775    	
18.5206412867325    	24.0948338482704    	171.523957506526    	
17.6889794989374    	23.0649717154569    	171.517080094125    	
16.9259762507997    	22.0535720329614    	171.513121017907    	
16.1532251195465    	21.0669314654905    	171.504657470324    	
15.4133478937218    	20.0631844963696    	171.523745387339    	
14.6047758803222    	19.055735505885     	171.51278058107     	
13.7979680821692    	18.048532733161     	171.510111265157    	
13.0356453168807    	17.0138793532559    	171.479429246009    	
12.2661172792433    	16.0226420442275    	171.492147377175    	
11.5022327895146    	15.0352732133034    	171.510532572628    	
10.682655906639     	14.0248321207238    	171.480832531033    	
9.94784176413627    	13.0010455844859    	171.52267065936     	
9.12544288881511    	11.9468448540534    	171.507219764125    	
8.41601169281944    	10.9702470425121    	171.451495462891    	
7.63094587146813    	9.92734838292118    	171.524187013729    	
6.8264841292787     	8.92547601053693    	171.486824925953    	
6.11816856645765    	7.9275675293247     	171.50461849828     	
5.36487899426273    	6.92135570719851    	171.476015927491    	
4.58854607759519    	5.9002992367698     	171.458507994988    	
3.85283120924015    	4.83661488626606    	171.475231688923    	
3.06871762547667    	3.83252508766049    	171.516775013375    	
2.34735993765527    	2.78558474377147    	171.478863135145    	
1.60551350602419    	1.75586446744303    	171.478125318704    	
0.886709053093835   	0.726606698613378   	171.493377824349    	
0.1286688883664     	-0.288133328614209  	171.481549995932    	
-0.619676831732491  	-1.32462980929235   	171.515118903504    	
-1.36727195595269   	-2.36618555361546   	171.496786927794    	
-2.03146566547773   	-3.39137456896998   	171.506648647678    	
-2.76178080409232   	-4.45412292507829   	171.492603497375    	
-3.48166093824178   	-5.54776328722472   	171.478104453691    	
-4.20803590775487   	-6.58120083831631   	171.493184939907    	
-4.88302274392317   	-7.65169737349509   	171.481582220058    	
-5.57137300136406   	-8.7063483915733    	171.494771350366    	
-6.26400360645725   	-9.81609147658796   	171.500278967258    	
-6.97184330768053   	-10.8095080474294   	171.488539744564    	
-7.65584169455819   	-11.9238982830151   	171.497243607371    	
-8.33276673588191   	-12.9969476768636   	171.525116866495    	
-9.00600367904713   	-14.0936045867081   	171.481363260034    	
-9.64423141149279   	-15.1479194914193   	171.50941575769     	
-10.3175817858944   	-16.2530844988572   	171.495970955238    	
-10.9688808244541   	-17.3216556281545   	171.502798195874    	
-11.6429600930636   	-18.4477319272963   	171.506178329644    	
-12.2450830625691   	-19.5233971399141   	171.490243402609    	
-12.8846586674811   	-20.6515699405924   	171.510438327445    	
-13.5540127588135   	-21.7277126354726   	171.509914540257    	
-14.1478075951782   	-22.8526542107659   	171.519122829698    	
-14.8087124573052   	-23.9556749014152   	171.528024976213    	
-15.4193203485807   	-25.0598108456513   	171.474638219092    	
-16.0021467786648   	-26.1860916293818   	171.473772861091    	
-16.749035691514    	-27.1034376880289   	171.476684652151    	
-17.7433143422103   	-26.3018590795605   	164.506746508798    	
-17.4058426209258   	-25.2297797369614   	164.527024400046    	
-16.8525518298516   	-24.0683530945207   	164.482833715053    	
-16.3015562301574   	-22.9586189056279   	164.525981240492    	
-15.7200128681407   	-21.8441483523733   	164.500809497712    	
-15.1501502252075   	-20.6988548726615   	164.52313057429     	
-14.5837938674535   	-19.5830757697579   	164.486257052827    	
-13.9617175411344   	-18.4711298754996   	164.476981805388    	
-13.3384606325144   	-17.3518668534548   	164.483000871927    	
-12.755884495225    	-16.2238617690284   	164.482597402813    	
-12.1253374453355   	-15.1285334895316   	164.509675509542    	
-11.4817033996813   	-14.0480307862383   	164.518818341694    	
-10.8156387291887   	-12.9306402201803   	164.483587082879    	
-10.170222583212    	-11.8610251200797   	164.524550027659    	
-9.53078607550763   	-10.800913653518    	164.499482984862    	
-8.82418926646175   	-9.76053581146701   	164.503001639181    	
-8.13736167676364   	-8.6741170014318    	164.498213606613    	
-7.45066448611633   	-7.6482734430109    	164.461278456424    	
-6.77061083354886   	-6.54911586428779   	164.484676219624    	
-6.06867956188871   	-5.54423845016055   	164.494595442206    	
-5.32339112177747   	-4.50675979579189   	164.459609827489    	
-4.58173527071988   	-3.48150970436879   	164.520694147153    	
-3.80757561831463   	-2.46236878243494   	164.517972428657    	
-3.10076769092255   	-1.43520028110873   	164.515166750577    	
-2.33499469743417   	-0.416853437244317  	164.521459484537    	
-1.49455344639569   	0.597174334814825   	164.48587493418     	
-0.777204880658438  	1.54784394187129    	164.516841843372    	
0.0494105268596707  	2.56585415245267    	164.454393929498    	
0.850329597228112   	3.53379869663533    	164.505244008699    	
1.65697179276775    	4.50896932474418    	164.521877878097    	
2.46051158274772    	5.48299703501043    	164.518156734832    	
3.28536498709383    	6.42298305679554    	164.48432327524     	
4.12355584968378    	7.33343005592904    	164.487012168392    	
4.93785581993267    	8.2935452246935     	164.520806575863    	
5.83311086730969    	9.24089158278216    	164.517073229769    	
6.66948806136799    	10.1621607620049    	164.468157482229    	
7.57922493371769    	11.0762542921657    	164.484743588479    	
8.44590787203593    	11.9723078665583    	164.504756940469    	
9.34929289536489    	12.8917024926149    	164.509726895783    	
10.189323713501     	13.7748679843359    	164.499432374703    	
11.1261034162827    	14.6434706288384    	164.508801194901    	
12.0167185403641    	15.5373474273285    	164.484409737955    	
12.9625394876874    	16.4183813306764    	164.520497087515    	
13.896918666672     	17.2482552917627    	164.480507232269    	
14.7893854672965    	18.115311423805     	164.522855223094    	
15.7022364339991    	18.9443328702822    	164.517436312644    	
16.6733325475678    	19.7997971146954    	164.47930777219     	
17.6163652238877    	20.6489797673065    	164.532484312809    	
18.5878198910134    	21.4595372701798    	164.47683817242     	
19.5563116588038    	22.2973579437188    	164.514262914397    	
20.1716886520243    	22.2662707232479    	164.499842058908    	
19.3180847737108    	21.3494027997739    	164.528871046279    	
18.4455786540908    	20.4591038378468    	164.547500983894    	
17.5362408696104    	19.5473372540623    	164.509615236174    	
16.6658199862177    	18.6417596105628    	164.516822409673    	
15.8335095248515    	17.7298691911685    	164.523528823218    	
14.948702303561     	16.8076001317242    	164.469225992684    	
14.0961512338874    	15.8732146511623    	164.528128600413    	
13.2286540051887    	14.9621989244438    	164.508067819046    	
12.3749281719361    	13.9700377748582    	164.507084281709    	
11.5315219553368    	13.0663556456851    	164.52638235336     	
10.6571744437161    	12.1347938567985    	164.494677465015    	
9.7926896943001     	11.1751931907624    	164.465711907851    	
8.93190249479976    	10.2720929496643    	164.500643906258    	
8.15694440043631    	9.35000206173421    	164.539734859497    	
7.27597531560173    	8.40041865623242    	164.538286779029    	
6.43016831396148    	7.42076194783342    	164.522941796281    	
5.63378574534871    	6.4408494908443     	164.463781467023    	
4.82592338156637    	5.55016520237405    	164.544804218732    	
4.03385216271322    	4.53782373334084    	164.489472521165    	
3.19944648362219    	3.57296695942496    	164.460110462453    	
2.41837888642134    	2.60857614592567    	164.481416333978    	
1.61703775035278    	1.63000602468501    	164.51874919962     	
0.801157666966673   	0.65120973903984    	164.484306542563    	
0.0240218498391482  	-0.313552300844199  	164.503903816827    	
-0.765557358156125  	-1.30247361066883   	164.489839808846    	
-1.52829072210191   	-2.32818001233009   	164.525457301405    	
-2.31932595230464   	-3.33582953473365   	164.502315906945    	
-3.11413531162371   	-4.32233932278033   	164.511274439204    	
-3.84480935041981   	-5.34499767069413   	164.504147999025    	
-4.61260984700802   	-6.36203829893843   	164.498335304824    	
-5.35021946566164   	-7.40718597307225   	164.540234141899    	
-6.09471829266789   	-8.41981798965294   	164.498403795171    	
-6.83617332119332   	-9.44187405829804   	164.468479679571    	
-7.51903318238488   	-10.4791253268652   	164.522116943905    	
-8.23728681949125   	-11.5391637940081   	164.486402260001    	
-8.96329754207711   	-12.5645263991411   	164.479009624286    	
-9.66191499061714   	-13.5958188594429   	164.527362907146    	
-10.3911398709734   	-14.6671792384507   	164.503996744804    	
-11.0271147799264   	-15.7014944609564   	164.489816453673    	
-11.7710793000337   	-16.7694980188339   	164.490416866745    	
-12.4145979381802   	-17.8315671922714   	164.490561862079    	
-13.1077645672411   	-18.9064016958682   	164.503502854569    	
-13.7477204388215   	-19.9810348399993   	164.475314868125    	
-14.4392098539133   	-21.0644604285037   	164.48383001776     	
-15.068435662817    	-22.1761153952485   	164.515623617274    	
-15.7265896769114   	-23.2741078050052   	164.474253290313    	
-16.3924726840467   	-24.3569244700505   	164.519644713888    	
-16.9613098575702   	-25.4194503050862   	164.519993311414    	
-17.7281171403417   	-26.3366023846823   	164.501823283957    	
-18.7747218301424   	-25.5882924241905   	157.524772441983    	
-18.4043167740762   	-24.5288428214234   	157.467862141917    	
-17.862729921862    	-23.371755201309    	157.510887119565    	
-17.2759345421242   	-22.2301122767535   	157.489143816558    	
-16.7471422539497   	-21.161838319057    	157.498264315423    	
-16.1998287936224   	-20.0306004527113   	157.477390874044    	
-15.5743973980968   	-18.9345252314643   	157.468304200876    	
-14.9390769455017   	-17.7844709938769   	157.494773283245    	
-14.3126064296858   	-16.7643393880732   	157.531806810797    	
-13.7333181787032   	-15.6849273486407   	157.521894009765    	
-13.0817565464895   	-14.6255409556445   	157.477813910846    	
-12.4531676346713   	-13.524896412167    	157.50529016681     	
-11.7984483549391   	-12.4491899541914   	157.474287496608    	
-11.1072503456003   	-11.3846585236382   	157.513794883103    	
-10.4160831519321   	-10.3962391432028   	157.516474926763    	
-9.71225869360023   	-9.32253920537      	157.501681751298    	
-9.02884600103922   	-8.25904820766017   	157.485071441883    	
-8.30232422780515   	-7.23766113177095   	157.483770180776    	
-7.58235718376602   	-6.26912336741933   	157.51840345882     	
-6.82093399042689   	-5.26609731171264   	157.514878198988    	
-6.07620197321926   	-4.21644604964536   	157.509387666973    	
-5.28288189213433   	-3.25601914517991   	157.473248748712    	
-4.5286667717159    	-2.28840839437165   	157.48778274298     	
-3.72394558953016   	-1.33059537240224   	157.520201523039    	
-2.96083831699212   	-0.370338154306571  	157.47673073265     	
-2.12948450546088   	0.589255253484857   	157.514040326122    	
-1.24282804161074   	1.53534438177402    	157.474301513917    	
-0.472839837020427  	2.47679930881888    	157.501572715169    	
0.392208514287246   	3.36088499278073    	157.516544802714    	
1.2365004189429     	4.33330652376395    	157.508802346141    	
2.13437718747403    	5.16407683545537    	157.519401413217    	
3.01933164349648    	6.05504646640646    	157.517941432016    	
3.92804915269661    	6.95407016021937    	157.513571161313    	
4.82915501484023    	7.80047344129388    	157.496993853647    	
5.73577064574326    	8.61167498629412    	157.507615389775    	
6.67329340098848    	9.53201898660641    	157.510180075382    	
7.588009848951      	10.3379922838667    	157.476222409068    	
8.57171905080284    	11.132993878416     	157.516624514034    	
9.53278827914913    	11.9132618299626    	157.485946930234    	
10.507686878307     	12.6773308410432    	157.488553952559    	
11.4744573457052    	13.4564002898078    	157.49629670053     	
12.4530174037351    	14.2124683115917    	157.505736281473    	
13.5039311918623    	14.9356150141896    	157.521021207213    	
14.5016096551805    	15.6707668030826    	157.515242594058    	
15.5428866272449    	16.3973296056999    	157.490837204257    	
16.5673348752608    	17.0673729140146    	157.516951560613    	
17.6482254735715    	17.7254389368772    	157.477929789502    	
18.6863955316029    	18.382651363794     	157.49696004445     	
19.7703235258663    	19.0296697388242    	157.486983890166    	
20.9010468632461    	19.63407096977      	157.498365386786    	
21.8163426389364    	19.6945408713817    	157.500007706652    	
20.8120948943317    	18.937987309141     	157.503549274503    	
19.7910102095305    	18.1592377939104    	157.497557601755    	
18.8438784907109    	17.3949476167457    	157.494604911231    	
17.8392213801046    	16.6549209159898    	157.490407350962    	
16.8200834833498    	15.8488712779244    	157.479373828155    	
15.9183106201335    	15.0427999153595    	157.481656201957    	
14.9266070636489    	14.222923926836     	157.504145521111    	
14.0273670576199    	13.4484934463603    	157.498930102213    	
13.0449842726575    	12.6191840221111    	157.50008123123     	
12.0875975778732    	11.8036674132075    	157.517680502706    	
11.1993420465915    	10.933729910512     	157.481182595525    	
10.2732676063717    	10.118225359345     	157.520247194502    	
9.35774365767825    	9.24729543826767    	157.502515125249    	
8.46039647066952    	8.44182425128141    	157.516111051245    	
7.5371085809491     	7.54672448398581    	157.514581126852    	
6.59331562626876    	6.67659109251916    	157.482456622625    	
5.7106494221838     	5.79602117467714    	157.524892769195    	
4.88921604552504    	4.88945502401793    	157.498499725641    	
4.01799103791073    	3.97661288061519    	157.51749021359     	
3.11394018730091    	3.08441059526926    	157.497565554513    	
2.29568977453009    	2.19164876654582    	157.505637990264    	
1.40353206326308    	1.28736355972754    	157.480161246832    	
0.588794417864879   	0.325128518051695   	157.501552191606    	
-0.232354020381724  	-0.555019680278068  	157.492572816926    	
-1.10622848540269   	-1.53338722222036   	157.527234414238    	
-1.89895940660219   	-2.49607548545101   	157.501743816594    	
-2.7273807179976    	-3.43871576948618   	157.496854418999    	
-3.54342923988022   	-4.37725847985129   	157.480751154018    	
-4.31882522454318   	-5.32807863352165   	157.47806488934     	
-5.09061074062271   	-6.32301190648225   	157.543121886145    	
-5.94001307804701   	-7.30014227788748   	157.478939301446    	
-6.67543169211625   	-8.2269317052821    	157.499014321299    	
-7.43830396136228   	-9.24671028844579   	157.482536877167    	
-8.15969309162562   	-10.2116484775519   	157.493569306973    	
-8.93202114865134   	-11.247839695741    	157.537883159633    	
-9.66198230141393   	-12.2708106851391   	157.470626697294    	
-10.4471807587603   	-13.2365853824136   	157.499988222945    	
-11.1402760997319   	-14.2208902248307   	157.50032885633     	
-11.8358600080067   	-15.276702736625    	157.518218765521    	
-12.6126394111644   	-16.3318078788702   	157.458564631391    	
-13.3206903233082   	-17.3441770703793   	157.487424305       	
-14.0046924634105   	-18.3588857909517   	157.475946988275    	
-14.6832087505872   	-19.403003947508    	157.497206108964    	
-15.3559280007508   	-20.4359745212408   	157.495120301485    	
-16.0186992285879   	-21.5406901726344   	157.506628785929    	
-16.6922628063245   	-22.5657005861826   	157.50356291159     	
-17.3662077122505   	-23.6714396414934   	157.506457984837    	
-17.9767240147823   	-24.7368558463055   	157.473896114361    	
-18.7635601370374   	-25.5646043166633   	157.517566249704    	
-19.7903748183785   	-24.8748232964447   	150.477279571472    	
-19.3973822295114   	-23.7678411134748   	150.529600826669    	
-18.9069423132908   	-22.7265819380504   	150.493819828713    	
-18.3502369877357   	-21.5628689794188   	150.532975786416    	
-17.7468420282398   	-20.4968862515737   	150.475415358024    	
-17.2094638103901   	-19.4144315227741   	150.497498199575    	
-16.6020663560119   	-18.2938786168707   	150.501782603393    	
-16.0243225403411   	-17.1522166897882   	150.49906785237     	
-15.386236528414    	-16.091921923005    	150.515838390048    	
-14.7652785033003   	-15.0300129047251   	150.506208637698    	
-14.1043632389166   	-13.9923459496125   	150.462113688326    	
-13.4478371324078   	-12.9148433208158   	150.504390128624    	
-12.7654769377935   	-11.874025617251    	150.523115780356    	
-12.0830718592717   	-10.8240836013298   	150.469944370054    	
-11.3868530750028   	-9.82253119567067   	150.513791725487    	
-10.6548229177171   	-8.82623093634763   	150.476212144546    	
-9.91457200367277   	-7.7969358194318    	150.523148750809    	
-9.19712230697973   	-6.80487177681489   	150.524720884864    	
-8.44997316675678   	-5.83786258653868   	150.452041759955    	
-7.6702846520962    	-4.86276236984185   	150.508947037712    	
-6.84847286159152   	-3.87865880226249   	150.523658255982    	
-6.08916235832312   	-2.92576358772285   	150.507226372093    	
-5.30505822192229   	-1.97209078437784   	150.47916028294     	
-4.46876228440203   	-1.05595682511144   	150.506193789227    	
-3.64259522000025   	-0.14578227533881   	150.504166664013    	
-2.75925972464868   	0.742148309495197   	150.517863061026    	
-1.92147506109039   	1.6359782897796     	150.498720794374    	
-0.99483610321286   	2.53606935336204    	150.520196286655    	
-0.115400307190654  	3.40183109220686    	150.517342229105    	
0.771709235027724   	4.22877753145699    	150.517185942236    	
1.69329269589184    	5.09849079388057    	150.505072019644    	
2.63335234337483    	5.89009197852254    	150.503807322478    	
3.57787114391671    	6.67614181111082    	150.479124746928    	
4.55711403645923    	7.4391178489294     	150.504716220479    	
5.57691849690122    	8.21261820875672    	150.506074981068    	
6.57836124833291    	8.9075289967728     	150.482586716213    	
7.57530007654711    	9.65627029280915    	150.498900344535    	
8.56569833468831    	10.3389889319394    	150.503168746332    	
9.67603167899249    	11.0720576403947    	150.500269292945    	
10.7102205940385    	11.7158403779604    	150.525327498397    	
11.7890108151952    	12.3296342956359    	150.48722240888     	
12.8519439975549    	12.944233864364     	150.482336052053    	
13.9226150865631    	13.5202532076025    	150.52251877994     	
15.0795926007122    	14.0961972024443    	150.494196639833    	
16.1984376779192    	14.5826991696942    	150.50238528709     	
17.308168110641     	15.1131713292193    	150.538448257769    	
18.467942211628     	15.5747187201561    	150.49767692064     	
19.6280145252966    	15.992812256837     	150.489493689071    	
20.7928880896273    	16.3498942439243    	150.530851778683    	
22.014038972369     	16.6980913180091    	150.50736734522     	
23.2070080752757    	16.8868887162544    	150.492479155701    	
22.4170031162904    	16.1587607441259    	150.503445489351    	
21.274297537839     	15.6069632046433    	150.502060689916    	
20.188509458262     	15.040895780782     	150.505177297904    	
19.0696214880179    	14.4043775517828    	150.499191536348    	
18.0360018036784    	13.7715643321761    	150.518034046784    	
16.9251221087399    	13.1634558637652    	150.474522729832    	
15.8908875876286    	12.4909345980583    	150.483285242647    	
14.8560270849743    	11.8086432966022    	150.526436403407    	
13.8254720663817    	11.0935875597313    	150.500127280043    	
12.7656376244181    	10.420391089689     	150.500616345009    	
11.8197656188911    	9.69366365645921    	150.52184245777     	
10.8163475523154    	8.94594881318172    	150.524641445141    	
9.79731896246405    	8.22205594727563    	150.492501123243    	
8.87055715481129    	7.46951847633105    	150.51131104816     	
7.86730976581453    	6.67924240441859    	150.496906225287    	
6.86205905676824    	5.87050648125052    	150.465423819637    	
5.94126046394359    	5.0869253451652     	150.525827149164    	
5.02668333958045    	4.25828111900333    	150.506125868397    	
4.07124366946042    	3.45397912547942    	150.502147508965    	
3.14624681184147    	2.61930422503887    	150.504873746655    	
2.19756277893513    	1.78767985855451    	150.522148785625    	
1.32813177283381    	0.970586482835526   	150.485929810115    	
0.378436830546288   	0.0972392838871332  	150.505620023704    	
-0.511125251242793  	-0.757184191894502  	150.494917303297    	
-1.34117201553452   	-1.67167834779302   	150.479263608932    	
-2.25100596958791   	-2.56084463919009   	150.496677389946    	
-3.10879067478339   	-3.39401863684557   	150.497424852429    	
-3.93477529644303   	-4.32929851918047   	150.475107862878    	
-4.76703173048922   	-5.24808630579306   	150.490872677536    	
-5.67251394161999   	-6.2018877113298    	150.542086885279    	
-6.47143531626933   	-7.13834352462005   	150.492771897013    	
-7.24046512057116   	-8.03452559361908   	150.48996518507     	
-8.06014518926645   	-8.98924894926745   	150.501715299913    	
-8.8594945515748    	-9.93589150636622   	150.501437893832    	
-9.66286769913128   	-10.9297000558682   	150.514240532371    	
-10.4419354467194   	-11.8519579042634   	150.527952692229    	
-11.2148878836229   	-12.8236079038536   	150.538592764442    	
-11.9368824664071   	-13.8324271864522   	150.461641294352    	
-12.7125336251862   	-14.8298001474157   	150.508417331882    	
-13.4619062226859   	-15.8302007660193   	150.522993844171    	
-14.1928753626555   	-16.8609244057025   	150.511846891427    	
-14.8961728258083   	-17.8245141487003   	150.504581038818    	
-15.5736568472172   	-18.8477861604142   	150.520069273541    	
-16.3409747596601   	-19.8865115934247   	150.505652881485    	
-17.0111211510266   	-20.9401484504932   	150.518253327609    	
-17.6660455200596   	-21.9426580842247   	150.51429342537     	
-18.3674588229829   	-22.9807988786342   	150.522948746677    	
-19.0332176793449   	-24.0452967239788   	150.509042339471    	
-19.7870947281543   	-24.9211723547412   	150.492770648741    	
-20.7959409509113   	-24.3078207429026   	143.517555767069    	
-20.4516485686468   	-23.2150208551126   	143.502744081491    	
-19.9072435625684   	-22.0655204425021   	143.480099434326    	
-19.3933058131322   	-20.9310002186671   	143.506232676163    	
-18.8179353738078   	-19.8578338970826   	143.480968779693    	
-18.1964721756609   	-18.7699556875754   	143.501420096226    	
-17.607206002443    	-17.655164998692    	143.499406570598    	
-16.9908055298942   	-16.5300599150408   	143.493253049481    	
-16.3549087288556   	-15.4968774904973   	143.548586451531    	
-15.7320695052961   	-14.4527731648684   	143.503811944377    	
-15.0822850591838   	-13.3917801655699   	143.546531558626    	
-14.4192135791062   	-12.3152207116114   	143.501219076015    	
-13.6860617002742   	-11.2935866595955   	143.473532306029    	
-13.0013702059969   	-10.3158374007891   	143.513133739645    	
-12.259539556196    	-9.26412102567988   	143.476961071459    	
-11.542592881357    	-8.22895844451456   	143.483815972653    	
-10.7880802714831   	-7.25335403839977   	143.481621182088    	
-10.0110169215918   	-6.29687840055606   	143.524317316731    	
-9.24986183528217   	-5.32380190303968   	143.495875725137    	
-8.41101449416087   	-4.31938324429129   	143.51760319729     	
-7.63116534505722   	-3.44587126610107   	143.498626841915    	
-6.75867841501363   	-2.4846609062729    	143.499840984073    	
-5.96127482760897   	-1.57438401499757   	143.470531589592    	
-5.06234779654035   	-0.675929983130603  	143.495690085399    	
-4.22678315963915   	0.202756791632359   	143.475900459415    	
-3.29526863521619   	1.0689156437289     	143.498775915825    	
-2.40042631273782   	1.92110941208204    	143.488875815426    	
-1.47113118718185   	2.74409375218776    	143.489737223669    	
-0.519914533062819  	3.57906453767825    	143.492060421983    	
0.413213300818719   	4.35266977880226    	143.504441849604    	
1.39677175628709    	5.16922030048564    	143.508490088842    	
2.3716666681401     	5.89664871621644    	143.496474718095    	
3.41440829667979    	6.63750760095415    	143.490683048568    	
4.40643639232025    	7.37373964361445    	143.509233652113    	
5.47538152777602    	8.04086402459009    	143.496614334049    	
6.50809680577146    	8.73180176305827    	143.492217286402    	
7.59161312845125    	9.32868472645072    	143.476387955935    	
8.64517383414655    	9.92897501134155    	143.511009501815    	
9.78729012903117    	10.5249934109516    	143.508966560852    	
10.8743972805512    	11.0760593329872    	143.52277831285     	
12.0055359680666    	11.5895125210134    	143.509222598539    	
13.1767062903963    	12.030053160441     	143.495330468962    	
14.3369266607682    	12.47931682911      	143.486215610683    	
15.5307948574807    	12.8453190621869    	143.474751672778    	
16.743304446677     	13.2202374807442    	143.504104322196    	
17.9689886710821    	13.5032794998981    	143.486213002749    	
19.1565111444854    	13.7221950510826    	143.536957873462    	
20.3837947270451    	13.952325260601     	143.519828368316    	
21.6397462314189    	14.1099194482556    	143.497538274359    	
22.8452073708074    	14.1827975453189    	143.483888373198    	
24.0975590466032    	14.1805298666496    	143.472180463719    	
23.876815131083     	13.6162668107955    	143.476204193648    	
22.681769795943     	13.2941645337817    	143.48202152593     	
21.5145030864886    	12.8925329048754    	143.509473640428    	
20.260168454276     	12.5093395871883    	143.477379101496    	
19.1506144391608    	11.9953281058522    	143.494279009169    	
18.0178011350103    	11.5242011088579    	143.507392954216    	
16.870598855866     	10.9781588514343    	143.500510788811    	
15.741139367992     	10.4719482083059    	143.499012578611    	
14.6242207481256    	9.89767733998056    	143.477844935181    	
13.5395455619651    	9.31248813216846    	143.479447498799    	
12.4912202476648    	8.67976575181459    	143.496066253305    	
11.3993203309525    	8.0080824751214     	143.510210628099    	
10.3700715797469    	7.3453093473272     	143.526176104832    	
9.29455567192357    	6.7237385555511     	143.477714606956    	
8.28576307613596    	6.01926104914093    	143.486461058286    	
7.2271816310956     	5.2811891643527     	143.518883466465    	
6.24217664434603    	4.57968019022669    	143.476933685948    	
5.26505668914669    	3.84207408723191    	143.491412704146    	
4.24853463477952    	3.07065691405179    	143.500889825848    	
3.24404429237096    	2.31006609492932    	143.477712847965    	
2.33498693543372    	1.49149862271259    	143.530367873675    	
1.32086709353436    	0.68389717695404    	143.50374467576     	
0.416253474289574   	-0.099456714198579  	143.532580762626    	
-0.520611912719697  	-0.93364065419817   	143.455104279101    	
-1.45621459034752   	-1.7747109081549    	143.514413134409    	
-2.39698158072968   	-2.60219013168226   	143.481450112792    	
-3.30416056469426   	-3.4396802724646    	143.545915961047    	
-4.21554877828439   	-4.32999718150197   	143.499227771395    	
-5.07645223090545   	-5.19436488437114   	143.484544463804    	
-5.95710117607099   	-6.04119340218479   	143.474137958307    	
-6.81529756019679   	-6.95525600484246   	143.505697151493    	
-7.66695073856925   	-7.83394534336918   	143.511791821666    	
-8.52256412052583   	-8.78424763629804   	143.507474495807    	
-9.37106736695136   	-9.64970019141251   	143.514333633809    	
-10.1756957170622   	-10.6057880259505   	143.496509812675    	
-10.984620069078    	-11.5567363016389   	143.49348807046     	
-11.8381305760992   	-12.4919242485327   	143.528789243795    	
-12.5856676384411   	-13.4541498815769   	143.532265776318    	
-13.3908566469723   	-14.3880702469742   	143.499091246367    	
-14.1848396818656   	-15.3844675057879   	143.50169438796     	
-14.928802138684    	-16.3433072094408   	143.509858882432    	
-15.689101799429    	-17.3423675486774   	143.473902013225    	
-16.4332618568348   	-18.3382864467895   	143.543020405225    	
-17.2019310279018   	-19.3664145078456   	143.523100548793    	
-17.9290917624773   	-20.3814573923557   	143.498491750705    	
-18.6174275021823   	-21.3591334757072   	143.474874725446    	
-19.3205980658367   	-22.4289557434886   	143.495782735644    	
-20.0585217275061   	-23.457476697555    	143.498510136487    	
-20.8456505068673   	-24.312218240708    	143.525735552652    	
-21.4572085073601   	-23.5025796475259   	136.490814349723    	
-21.1285427041941   	-22.3817771737765   	136.517026640321    	
-20.5710950036024   	-21.2741364678054   	136.508566030386    	
-20.0270174195116   	-20.1261719523606   	136.521041394556    	
-19.4664784909261   	-19.0497215506257   	136.482580719471    	
-18.9006848186724   	-17.9330767675231   	136.497572402759    	
-18.2838393126099   	-16.8492984748746   	136.510997604714    	
-17.641862033053    	-15.7759756564573   	136.500186833362    	
-17.0310606058081   	-14.6771371961147   	136.524923337936    	
-16.3612900368217   	-13.6172347298846   	136.516260325306    	
-15.6919800709976   	-12.5729465684338   	136.520039386191    	
-14.9942201923694   	-11.5050808168166   	136.531727637043    	
-14.2923807022727   	-10.4842079523133   	136.506197458568    	
-13.5899837754652   	-9.42758387400321   	136.486582671369    	
-12.8670518281616   	-8.41863614625532   	136.476017814676    	
-12.0835632202044   	-7.43995724069877   	136.452017735738    	
-11.3568158501747   	-6.46238264637987   	136.475316550912    	
-10.5501670315057   	-5.48097945835528   	136.490406875446    	
-9.74347326209263   	-4.52938686087705   	136.488713338718    	
-8.91163872456777   	-3.6187809915561    	136.503544853101    	
-8.05249733904505   	-2.6478563016985    	136.476237259717    	
-7.19526497194215   	-1.79415252574618   	136.48982788522     	
-6.32857280968159   	-0.879425833434879  	136.486645502603    	
-5.43832053262125   	0.0144744444362741  	136.516412711534    	
-4.53549172889838   	0.842091642247556   	136.512435868469    	
-3.57519870573252   	1.69697963224954    	136.476105670523    	
-2.63874101452513   	2.46053118331       	136.478835306353    	
-1.64306130558482   	3.30290757761779    	136.530559469173    	
-0.657956560666255  	4.09154942736096    	136.501611246637    	
0.302487813408179   	4.79179141236197    	136.502273117534    	
1.35153834909842    	5.51474366879599    	136.519574468537    	
2.37029939707864    	6.19098686763145    	136.476720080865    	
3.40003046393631    	6.84592994154739    	136.481343633066    	
4.52308958797328    	7.48203599095828    	136.490292265959    	
5.61518962884604    	8.1171631899739     	136.475800054038    	
6.75357677819213    	8.68610189014665    	136.496731051935    	
7.88278717644001    	9.19186155874429    	136.483482196133    	
8.96828289273716    	9.64662966125547    	136.483002151176    	
10.1960830106584    	10.1160066263619    	136.488755669735    	
11.344635627489     	10.5447216539843    	136.461047233127    	
12.5512768770645    	10.9017750466857    	136.511719189277    	
13.7802777525413    	11.2118553650427    	136.51363436497     	
14.9918673311863    	11.52649723203      	136.475498550469    	
16.2193343776589    	11.6689449690268    	136.491182015364    	
17.4804050598845    	11.8616289192473    	136.477488752097    	
18.7231958223823    	11.9455349510396    	136.501887319765    	
19.9517434765527    	12.0147276166681    	136.47524740694     	
21.2166105021673    	11.9538997897775    	136.526251244313    	
22.4659800317042    	11.9156379300899    	136.506936839482    	
23.6463001844592    	11.7627285373923    	136.478752118778    	
24.952690477826     	11.5453538628537    	136.518509090568    	
25.4634571687188    	10.9688716630583    	136.455182833047    	
24.1827210602863    	10.8752250969306    	136.495578523223    	
22.9662298716593    	10.6682839597912    	136.477153925233    	
21.7601726168372    	10.4476725647915    	136.492206590447    	
20.5078957558431    	10.1991743650757    	136.518512044836    	
19.3079721161384    	9.87095510069581    	136.523958966685    	
18.0942214456083    	9.50105925636996    	136.524570015356    	
16.9202848947212    	9.14911643208274    	136.498879241493    	
15.7583167003223    	8.73305128039787    	136.500908269256    	
14.5596420618578    	8.2490243053126     	136.475592106753    	
13.4215706410811    	7.76695306614034    	136.484713683957    	
12.3093613149005    	7.26111415819072    	136.50374181562     	
11.1711284580692    	6.75585898350929    	136.54020867544     	
10.0439322296343    	6.1500656807179     	136.526490788145    	
8.94557900834721    	5.49663234697711    	136.513353069789    	
7.83562126662791    	4.9218947730784     	136.473947444082    	
6.74041643994054    	4.28899427586217    	136.467874002892    	
5.73045041242609    	3.6220910292506     	136.487394433685    	
4.67834868785744    	2.9280148740166     	136.548609079464    	
3.63818116236452    	2.2633932818488     	136.519809234834    	
2.60394968147761    	1.47713155147019    	136.483235757302    	
1.62032980359518    	0.78632776847964    	136.523698488367    	
0.63462450654983    	0.0397268602434067  	136.49954275374     	
-0.33262116562098   	-0.738344742786343  	136.479368429642    	
-1.34141635107627   	-1.497014043021     	136.511318824874    	
-2.27709097329068   	-2.29628650561379   	136.518647935186    	
-3.22832236755664   	-3.13581014640237   	136.490278388428    	
-4.21034674814138   	-3.96107550007623   	136.459628687985    	
-5.11509542478972   	-4.8112098105823    	136.514152001438    	
-6.01160650537908   	-5.60165136692342   	136.525847049448    	
-6.92392895914467   	-6.52086236662781   	136.503272420203    	
-7.8092601759526    	-7.39535231824194   	136.505200783297    	
-8.73040163172861   	-8.28256447968521   	136.512771993895    	
-9.5578143172748    	-9.18329893626574   	136.500914833494    	
-10.4647491681438   	-10.0794521408877   	136.514869675749    	
-11.3045946653361   	-10.9624258956836   	136.509913509864    	
-12.1279889526171   	-11.9233362388288   	136.482156945716    	
-12.9536017142126   	-12.8929943183592   	136.519232294764    	
-13.767674245027    	-13.7951665347728   	136.470339795326    	
-14.5999170382723   	-14.7277023641884   	136.525461457665    	
-15.4419595981244   	-15.7204908998197   	136.508088924915    	
-16.169907322681    	-16.6613092156799   	136.496136991065    	
-16.956864314855    	-17.6586103391484   	136.512544234046    	
-17.7508127866416   	-18.6722238411065   	136.514446028732    	
-18.4890101860258   	-19.6511148287947   	136.473514506599    	
-19.233806512069    	-20.6581149075912   	136.509172172219    	
-19.9326211557907   	-21.6434997600841   	136.484279021689    	
-20.7096047199212   	-22.6548975251962   	136.50244039181     	
-21.4726814028581   	-23.4998080107292   	136.517936238602    	
-22.0543634401931   	-22.6832683118002   	129.506704030702    	
-21.6908621956815   	-21.5796064052755   	129.48168278659     	
-21.1971808104213   	-20.3956577764484   	129.484438515848    	
-20.6742866656904   	-19.2873033927425   	129.512155395705    	
-20.0679599142595   	-18.1542734821214   	129.501416346679    	
-19.4723632144192   	-17.0043712411454   	129.480018043229    	
-18.8862822503136   	-15.9079822205063   	129.483602462428    	
-18.2716570873454   	-14.8172613971741   	129.525218706656    	
-17.6081910664752   	-13.7230633671013   	129.500391536535    	
-16.9375550987167   	-12.6548533173098   	129.5130789954      	
-16.2981401004163   	-11.5958177053398   	129.513069483305    	
-15.5908807075355   	-10.5231964465809   	129.522427200452    	
-14.8451751064744   	-9.53172602588473   	129.52326057087     	
-14.110489223594    	-8.46723921421361   	129.499770254241    	
-13.3575673280202   	-7.47187319424241   	129.486940087733    	
-12.5610703815344   	-6.48247566411949   	129.503519783201    	
-11.7862166096492   	-5.48596087076562   	129.470768168865    	
-10.9696330166937   	-4.5679132635561    	129.497943199566    	
-10.1297354414679   	-3.59370567268226   	129.501078603767    	
-9.26138611693646   	-2.6750333503725    	129.514707356854    	
-8.41008269565902   	-1.77769405546905   	129.503076841067    	
-7.50637152450864   	-0.894492591028617  	129.514174549065    	
-6.58670612938028   	-0.0417741807289876 	129.506776300789    	
-5.65532764988489   	0.77347618483348    	129.483340286703    	
-4.66455531630596   	1.61331248834058    	129.477514591079    	
-3.69753533860275   	2.39156339801338    	129.540099667897    	
-2.65069348320345   	3.16650622820032    	129.482287831399    	
-1.67679453102123   	3.91139003196093    	129.504109217393    	
-0.615076734465306  	4.60296546308635    	129.522373702836    	
0.454768928330663   	5.31203464747121    	129.502794224365    	
1.50304037776123    	5.95724822783383    	129.497583236599    	
2.66718825178872    	6.57820306823441    	129.501383974528    	
3.73679135356835    	7.11736346418981    	129.515871712432    	
4.89233638062746    	7.71082415804823    	129.519411242364    	
6.04872771487052    	8.20495496729631    	129.471422385211    	
7.22867910509925    	8.66027784610801    	129.484007591715    	
8.39869161522452    	9.04468085327338    	129.478479654578    	
9.5982810333661     	9.3949996321331     	129.509518621721    	
10.8585277501388    	9.78885750034551    	129.496429569792    	
12.0683092199001    	9.96957059764365    	129.461017934875    	
13.2841086757313    	10.2103570412756    	129.473930798441    	
14.5703081141207    	10.3627599632988    	129.525457891391    	
15.8258802434417    	10.4698621775595    	129.475176673639    	
17.0576364800511    	10.4679356115738    	129.505039581671    	
18.3266809162964    	10.4434337730015    	129.489833751065    	
19.5914983649262    	10.3619422949719    	129.497450774055    	
20.8374512898518    	10.210354168446     	129.531443848691    	
22.1064281268106    	10.0073208805471    	129.483224201282    	
23.3421853544025    	9.75551411436872    	129.477425991399    	
24.5726989850416    	9.43470607512163    	129.520819885368    	
25.7442245786956    	9.04670755276958    	129.504080936924    	
26.8778830203145    	8.56180215365827    	129.509463380707    	
25.8112407545137    	8.22454550926359    	129.515223647       	
24.5892728874562    	8.27664746655781    	129.496080606229    	
23.2920291478132    	8.24856038842582    	129.485912783451    	
22.0475785790866    	8.11214346399932    	129.470334278117    	
20.7790087516409    	8.02619760467028    	129.538387942264    	
19.5365042653579    	7.8397205024428     	129.525050527314    	
18.3225296511458    	7.65343089596631    	129.46100344233     	
17.0555850614427    	7.39425019757953    	129.475564446002    	
15.8173701138958    	7.0759702051291     	129.502992821704    	
14.6798706324637    	6.73473199525908    	129.500481803085    	
13.4238461831526    	6.326775159298      	129.504320966638    	
12.235217116882     	5.96809749460393    	129.506765914434    	
11.0738286787366    	5.52905208570716    	129.475034848244    	
9.88417367174965    	5.02421200885519    	129.52396542703     	
8.74504569825005    	4.52217885427192    	129.524294202376    	
7.57061494697764    	4.01401962592722    	129.477767634896    	
6.45049366943234    	3.42387447835613    	129.518743195641    	
5.35956672228572    	2.85665619245628    	129.480867158186    	
4.25464022138699    	2.25501257378295    	129.516879315515    	
3.17498160823751    	1.62269231286889    	129.482434359289    	
2.09384094048954    	0.893995635398806   	129.469310829574    	
1.01612936298504    	0.236545841066113   	129.524488901094    	
-0.00910731415902863	-0.496726393520075  	129.508044206551    	
-1.03152533038823   	-1.19108787196932   	129.510303435066    	
-2.03785758506163   	-1.9467195314286    	129.513547335547    	
-3.030988137403     	-2.76775837725024   	129.504326802496    	
-4.05463908491109   	-3.49380499985114   	129.509476745133    	
-4.99817855582174   	-4.30638679791817   	129.476267211617    	
-5.95991604103281   	-5.11546391846187   	129.482720036302    	
-6.9742904466304    	-5.95534631318082   	129.481946769093    	
-7.89971394469104   	-6.79567661677538   	129.489664691313    	
-8.82019641543577   	-7.64436961003136   	129.514923000123    	
-9.71784812812902   	-8.50145481552703   	129.503606897621    	
-10.6032045680027   	-9.39818262944332   	129.524486982668    	
-11.5197831543829   	-10.298360338518    	129.494087588375    	
-12.3749885702906   	-11.2007980883416   	129.49407358397     	
-13.2485444380252   	-12.0916626000324   	129.490701139017    	
-14.1037567003994   	-13.0006733832864   	129.507591504008    	
-14.9400875641845   	-13.9489412090243   	129.482000199873    	
-15.803269475204    	-14.9221369089801   	129.506502562659    	
-16.5972043027485   	-15.8321826697681   	129.499238353204    	
-17.4153914099771   	-16.8403773470751   	129.510505501398    	
-18.2020253050067   	-17.8442018898321   	129.475264321175    	
-19.0067678483457   	-18.7855823500165   	129.525340577835    	
-19.784053448141    	-19.7865462315141   	129.542272770838    	
-20.5123192555928   	-20.8077728178511   	129.476482057323    	
-21.2652994574057   	-21.8339552973154   	129.475815224371    	
-22.0620083682929   	-22.7133109877289   	129.511202431609    	
