-14.7535352610592   	-28.6538142799993   	185.464690118583    	
-14.4089647173669   	-27.4942340520192   	185.494402426991    	
-13.9392596753341   	-26.2623032695414   	185.491211696558    	
-13.4019084959737   	-25.1186328258891   	185.50018608416     	
-12.8465356413423   	-23.9525319960558   	185.489244777884    	
-12.2951276525425   	-22.7984833287428   	185.502096270705    	
-11.7859813948541   	-21.5964773587806   	185.478707361426    	
-11.2650889556975   	-20.4463098875963   	185.514718335646    	
-10.6673454033492   	-19.2537953940419   	185.485493193275    	
-10.1388917740865   	-18.1047160228148   	185.517184874482    	
-9.61254258672935   	-16.9556358970257   	185.491067004172    	
-9.02957429025301   	-15.7771306663191   	185.505206691278    	
-8.4984419309609    	-14.6383782048909   	185.511390152829    	
-7.93395622093201   	-13.4709540160403   	185.493000674881    	
-7.31495779559964   	-12.2954960008474   	185.489658705604    	
-6.77726998783153   	-11.1407366879848   	185.480825423522    	
-6.17086828616768   	-10.0234858956012   	185.517991430193    	
-5.59765090731237   	-8.86724430997199   	185.512371310829    	
-4.96898703806899   	-7.7612304121712    	185.527768275541    	
-4.31946094582144   	-6.6049207720007    	185.49382760673     	
-3.79944478843362   	-5.45400625984425   	185.489016388558    	
-3.14215776554863   	-4.28880603916695   	185.48716346612     	
-2.5473689069409    	-3.17645421486113   	185.489942476598    	
-1.92389817194924   	-2.03962825006571   	185.509752049777    	
-1.323115523235     	-0.908498192922152  	185.458927700549    	
-0.715709574253676  	0.1929415172289     	185.494178034593    	
-0.0902480001691204 	1.33578838940157    	185.46866567305     	
0.558807759997979   	2.50126396335198    	185.489163774975    	
1.17257130110576    	3.58859240937126    	185.529987977266    	
1.78377481409839    	4.70649830829504    	185.488923937902    	
2.46111596007824    	5.86508600244953    	185.491822844113    	
3.04460912778981    	6.93659194666509    	185.48405028133     	
3.69790077242703    	8.09147169153808    	185.501938683649    	
4.32566660723047    	9.19711620187118    	185.509110334745    	
5.02260075108353    	10.3474973040441    	185.491909468812    	
5.65680004874972    	11.4435263246629    	185.486698700439    	
6.28500734306555    	12.5505468771616    	185.492398333504    	
6.95223671335889    	13.6846732203574    	185.476110848177    	
7.58144635261994    	14.7641562630875    	185.503086080562    	
8.23197482146225    	15.8780503533444    	185.485817334658    	
8.91632248436322    	17.0010159640513    	185.53398587051     	
9.52621784422928    	18.0992219218306    	185.503950616958    	
10.1666891069339    	19.2212669015125    	185.474024003867    	
10.8157571012378    	20.3334170651399    	185.484329903389    	
11.4569141842253    	21.4872522492357    	185.517190865978    	
12.1361460476713    	22.5905508701621    	185.458867577641    	
12.755307918462     	23.6943690432515    	185.52773713839     	
13.4055123318306    	24.7897764088421    	185.510050132952    	
14.0173845990835    	25.9534321698359    	185.528082871712    	
14.6299244506193    	27.0505707770594    	185.528869450562    	
15.0403306685735    	26.8958987853201    	185.513616165946    	
14.4618763407137    	25.7605523318695    	185.49084433888     	
13.8811669875845    	24.6091737517328    	185.514257356751    	
13.2873251000834    	23.4379678078715    	185.510332149973    	
12.7154279922278    	22.2966176697224    	185.488318219071    	
12.1131086257725    	21.1741735390722    	185.507643539446    	
11.4872024711925    	20.0338436499544    	185.514130867577    	
10.8919658766197    	18.9197110168475    	185.443967720126    	
10.2787923311781    	17.7577310649482    	185.484015360305    	
9.66971016670451    	16.6787891104138    	185.497878133483    	
9.05264966562016    	15.5026558024153    	185.504388146721    	
8.42073210102791    	14.3336123685115    	185.524142023889    	
7.84861548356008    	13.2550488546513    	185.481356442533    	
7.2025877273683     	12.1127889285608    	185.526009683444    	
6.56279884460796    	10.993888388621     	185.508394629775    	
5.94819917343483    	9.89913649646086    	185.484581813009    	
5.28077243187674    	8.75128383413533    	185.515735086044    	
4.69985922123398    	7.5847200342099     	185.530723707969    	
4.04964234492331    	6.46710555041059    	185.504644738056    	
3.42442324949113    	5.33573133146343    	185.498743170425    	
2.78762918552662    	4.21941829441913    	185.497047335608    	
2.17939557223237    	3.10504287249141    	185.524960595216    	
1.57433726846205    	1.99893506376397    	185.48928029974     	
0.938214011737832   	0.855467275755013   	185.507400356622    	
0.306950285174408   	-0.273950548639425  	185.492848956028    	
-0.327675788388817  	-1.38654423645841   	185.475785733859    	
-0.950369351488135  	-2.54204606814591   	185.507956146622    	
-1.5383505693948    	-3.6225288241203    	185.499365449962    	
-2.21069180830474   	-4.74225049065495   	185.48672468943     	
-2.80197230579521   	-5.88557453499328   	185.489764378248    	
-3.40507943724053   	-7.03958692366481   	185.496738789558    	
-4.05755664737777   	-8.19982376883213   	185.528987251048    	
-4.6878857633737    	-9.31866571509413   	185.489764249046    	
-5.25190698427009   	-10.4616428252074   	185.475671885115    	
-5.86933724282351   	-11.6011874391193   	185.471211982702    	
-6.45640302653749   	-12.7427484806114   	185.492302493294    	
-7.07111519875662   	-13.8477968689976   	185.521270431235    	
-7.67284471132911   	-15.0132231560859   	185.530410684975    	
-8.26954277877346   	-16.154411333411    	185.511659689777    	
-8.83241333545503   	-17.3006727344227   	185.524900827393    	
-9.46219568293338   	-18.4252498450309   	185.510743890449    	
-10.0307718275971   	-19.6046205547414   	185.529129438032    	
-10.608552956373    	-20.762669817947    	185.512604476842    	
-11.1907233667197   	-21.892161040543    	185.490811042556    	
-11.7398631798328   	-23.0479082770959   	185.499266546031    	
-12.3808150947849   	-24.1779149173198   	185.481123180946    	
-12.9176721278231   	-25.3143424151361   	185.505951260348    	
-13.5083678344376   	-26.4871798290069   	185.514144821569    	
-14.0787665165187   	-27.663659446866    	185.504926850485    	
-14.765084698756    	-28.5730448033301   	185.47318674073     	
-15.7683579686241   	-27.8969288690696   	178.485378261839    	
-15.4293599217854   	-26.7184693947731   	178.474046898275    	
-14.9264453549811   	-25.5573341886528   	178.507514701734    	
-14.3778857744141   	-24.3633407237336   	178.495638973312    	
-13.8298869508436   	-23.2849017866385   	178.468499854205    	
-13.2623090890331   	-22.0986456765882   	178.498610674823    	
-12.7213212312189   	-20.9257227450591   	178.517067781217    	
-12.170704165439    	-19.7847659198805   	178.50228155423     	
-11.590897928551    	-18.6528523823022   	178.482213856874    	
-10.9787927473829   	-17.4756943239508   	178.506592622134    	
-10.4303331314524   	-16.3539203687511   	178.502539339039    	
-9.8266963634642    	-15.1981440244095   	178.531496272083    	
-9.2361604895105    	-14.1026372063449   	178.513031900814    	
-8.66043362337589   	-12.9875764910495   	178.487843225886    	
-8.02334027272046   	-11.8324270455598   	178.47280465602     	
-7.4166294085417    	-10.688153850295    	178.507301365665    	
-6.84371543183923   	-9.57059406719788   	178.468790740066    	
-6.21405672578867   	-8.49734074005241   	178.49007204567     	
-5.58162441283918   	-7.36513106285362   	178.482903895827    	
-4.91027887887346   	-6.27060517077469   	178.524742271959    	
-4.27198876645991   	-5.15123170660719   	178.487852981647    	
-3.64506429396142   	-4.07337675417575   	178.459057571734    	
-2.96304236218854   	-2.95997582530316   	178.528511075268    	
-2.29420895574007   	-1.87572073707641   	178.482179390696    	
-1.63511919650713   	-0.811126551531176  	178.525846041657    	
-1.01479799824898   	0.324227461049403   	178.524275191999    	
-0.302280480327353  	1.43426015374433    	178.49369733361     	
0.379388392189322   	2.44470109237381    	178.530415491067    	
1.0733341576918     	3.57213470674723    	178.472248897508    	
1.78423671800375    	4.63073972731671    	178.475693997372    	
2.47078325648265    	5.71573208002671    	178.496700557804    	
3.17684153407718    	6.77279642349631    	178.527194121474    	
3.85513226730614    	7.86301358483007    	178.483309800144    	
4.57617610245767    	8.92263076199517    	178.471548520887    	
5.27933573959572    	9.96606854112095    	178.492565050677    	
6.0310934430284     	11.0093017481868    	178.530091692316    	
6.78480767202436    	12.0811797423588    	178.477055815917    	
7.46494729919424    	13.1398415010274    	178.506496699908    	
8.19704771168665    	14.2306979582229    	178.512358217358    	
8.92837711342931    	15.2417066689089    	178.502382310442    	
9.64797833314777    	16.2725951109439    	178.488575579795    	
10.3728970290612    	17.3115846848147    	178.488672610516    	
11.1345643167845    	18.3680421131995    	178.512388423437    	
11.8806939821128    	19.3948467781808    	178.52927846909     	
12.5958676191491    	20.4343437629055    	178.482040168797    	
13.3535143390193    	21.4831931893244    	178.498191997889    	
14.1022839586379    	22.5506940180366    	178.443425193621    	
14.8308496014428    	23.5422622923136    	178.528967376441    	
15.6153772651044    	24.632052537254     	178.491845048756    	
16.3471699097997    	25.6162598121578    	178.519940582549    	
16.7530059516129    	25.5540213730916    	178.510452091107    	
16.0451593254501    	24.4403677618774    	178.507041896412    	
15.3824086221035    	23.3481112073713    	178.524841105678    	
14.7131766837079    	22.2714627564999    	178.530998961312    	
14.0073036355338    	21.2219647947993    	178.505391333101    	
13.3319649360247    	20.1346353491723    	178.473630785516    	
12.6409276226412    	19.0209731474021    	178.500378841347    	
11.9087371686106    	18.0052290638078    	178.519895229091    	
11.251692758505     	16.9051580952499    	178.530135895243    	
10.5705685261421    	15.8367641111354    	178.554322242214    	
9.87783751003263    	14.7609365391933    	178.510016920711    	
9.18544695005692    	13.6837166387367    	178.477304236624    	
8.46097368360435    	12.6246961271215    	178.495634262685    	
7.755936449345      	11.5641874872253    	178.513127092066    	
7.11326435737254    	10.4822312158704    	178.512441554394    	
6.35135396042382    	9.40337684549874    	178.488037822287    	
5.67062854628535    	8.33269485591596    	178.527236974069    	
5.0432012583664     	7.2525709869239     	178.498947736058    	
4.32065864712046    	6.15460202841583    	178.496168108082    	
3.65584136345525    	5.10111602851866    	178.53147049679     	
2.96327135846619    	4.04630967821532    	178.501070842668    	
2.22514537502897    	2.93881857911044    	178.513471524348    	
1.56940805575807    	1.86147198216797    	178.49926614187     	
0.91519759702132    	0.759256867816126   	178.53220527326     	
0.19206786902774    	-0.297031808467429  	178.508733774411    	
-0.461897460982305  	-1.4141807498617    	178.509489746509    	
-1.15759870309421   	-2.4647661762429    	178.485936474731    	
-1.79379913958928   	-3.57737413025897   	178.514629823916    	
-2.51514175875999   	-4.66270122020115   	178.489705439865    	
-3.16387564149354   	-5.72547736702284   	178.482430964677    	
-3.8074540225046    	-6.8223929948787    	178.513576183609    	
-4.47483089007303   	-7.91124410997541   	178.495582514899    	
-5.11121118065684   	-9.02002326955933   	178.498211713998    	
-5.77509537023705   	-10.1106619856156   	178.472028344006    	
-6.42717284158105   	-11.2570594289683   	178.500073230884    	
-7.05716529651741   	-12.3164685739782   	178.468993510217    	
-7.71883773376312   	-13.4575150778823   	178.491861823917    	
-8.3313234560022    	-14.596871008312    	178.506888930531    	
-8.9510837544391    	-15.6363163314724   	178.463437180287    	
-9.57343599842443   	-16.783880809181    	178.514422750218    	
-10.2240687850293   	-17.8999979830176   	178.528588949478    	
-10.8238041241079   	-19.0106767775581   	178.487705509362    	
-11.4567986925149   	-20.1645771107632   	178.509107163604    	
-12.0864557716664   	-21.2519032917102   	178.529933713764    	
-12.6820293902351   	-22.4030716714548   	178.50201589025     	
-13.2755672226503   	-23.5339086591081   	178.483742724108    	
-13.8480107751245   	-24.6193179916258   	178.508957243515    	
-14.4767555387898   	-25.7467274561218   	178.466644465251    	
-15.0327740874485   	-26.8939838508922   	178.506811229524    	
-15.7477326829987   	-27.836237951963    	178.473833192292    	
-16.7219342758461   	-27.0824136623536   	171.53271385551     	
-16.41804803455     	-25.9902800116748   	171.471627203493    	
-15.8398358185009   	-24.7971740645917   	171.472569322176    	
-15.3327030150297   	-23.6617869209577   	171.508006403592    	
-14.7449271638982   	-22.525937921665    	171.514839199943    	
-14.2018765444013   	-21.3748046185191   	171.504364343449    	
-13.6389259463127   	-20.2637444661209   	171.496708771799    	
-13.0422425887251   	-19.0975575941929   	171.532899592502    	
-12.4688361296519   	-18.0131762272546   	171.518875200297    	
-11.8476395503005   	-16.9055563461294   	171.513426094184    	
-11.2598991117132   	-15.7656318123331   	171.470314808959    	
-10.6075038136867   	-14.6552653115801   	171.494129562502    	
-10.0244093129018   	-13.5331772694741   	171.495862884977    	
-9.41334544459821   	-12.3927754024097   	171.495217889271    	
-8.75596190973194   	-11.3463394861146   	171.513980107492    	
-8.11939636309794   	-10.2555954134379   	171.486162996182    	
-7.43595611710616   	-9.11113999649974   	171.512046401075    	
-6.83288148572568   	-8.04228373451285   	171.470542411016    	
-6.16127120690428   	-7.00656940439314   	171.500711308275    	
-5.45565653490691   	-5.90186381202786   	171.511700740351    	
-4.73391059746822   	-4.83400341268631   	171.504187411169    	
-4.06549597167665   	-3.71634138493242   	171.486205485238    	
-3.35378137047353   	-2.68027987293966   	171.492189853182    	
-2.66201579932919   	-1.63567251164062   	171.489007712419    	
-1.97753480295666   	-0.593396061891104  	171.491863577538    	
-1.19812600568329   	0.475705452689349   	171.521153711966    	
-0.488741095750813  	1.50885546833075    	171.528171828737    	
0.279693300128323   	2.5384558569838     	171.497299289733    	
0.952544605394592   	3.56496995327777    	171.490464053556    	
1.77303209758117    	4.57277709711181    	171.511523621484    	
2.470866142491      	5.60937272360931    	171.481414241489    	
3.25592747145632    	6.61504881500459    	171.495710831145    	
4.03410175824254    	7.65245878047973    	171.527193149501    	
4.82658525512669    	8.63600569919217    	171.50821210952     	
5.60063801494405    	9.61978444344405    	171.464483373432    	
6.40375231481276    	10.6416013486918    	171.508723844335    	
7.16699316627594    	11.6137817392604    	171.469955467458    	
7.98708505089889    	12.6103074006996    	171.496975450872    	
8.80859875079634    	13.5506793019561    	171.485096807287    	
9.60538594865498    	14.5684698698837    	171.491044371183    	
10.4435970888918    	15.520218310149     	171.467693254501    	
11.2479364386062    	16.5339131106499    	171.486777968892    	
12.0806597327605    	17.4417993580772    	171.504923973296    	
12.8985113074561    	18.4221276250426    	171.489336001046    	
13.7822208297274    	19.3903685133471    	171.508911607149    	
14.6113649049064    	20.3785971854893    	171.500947315269    	
15.4561417936609    	21.268002266321     	171.51279286734     	
16.2441727478859    	22.2101514825134    	171.497243460332    	
17.1290483953726    	23.203527296854     	171.514700684948    	
17.9862879278174    	24.1449479823896    	171.510588925649    	
18.4873397970014    	24.0911052702645    	171.490397687384    	
17.7145104053459    	23.0975989362264    	171.473019342389    	
16.9083450523704    	22.0776196413479    	171.511636118658    	
16.1387244976963    	21.0210832483569    	171.489773433736    	
15.3805020526269    	20.047724816234     	171.49204375048     	
14.5968706292475    	19.0454029332446    	171.462748892797    	
13.7857462318904    	18.0096633815661    	171.466791801792    	
13.0515554816089    	17.059010069046     	171.504465627609    	
12.2597388803512    	16.0471863226105    	171.497490494245    	
11.4788852740183    	15.0002341297416    	171.505638077526    	
10.6727069797163    	13.995663192234     	171.470045940534    	
9.92442872342446    	12.9872153570421    	171.474521256673    	
9.18715118305077    	11.9890903070778    	171.483179948331    	
8.42805526488345    	10.9795824550089    	171.524649805464    	
7.64023911325472    	9.91811307656825    	171.491371429672    	
6.8871434826633     	8.94907417580449    	171.537849932262    	
6.08752927112872    	7.92264488218957    	171.487124110578    	
5.37617949703442    	6.89147703442524    	171.483225726601    	
4.60914652862116    	5.86788774623956    	171.484437039112    	
3.87097235745891    	4.84060205547328    	171.510829162124    	
3.07496027555081    	3.86049869245218    	171.507165662478    	
2.330090142479      	2.79852501218123    	171.486172070785    	
1.61596941280903    	1.78703827502082    	171.524273404529    	
0.873625100686464   	0.710037476386114   	171.513204325413    	
0.121043527705225   	-0.331979503728438  	171.515916399065    	
-0.636977421098264  	-1.33238086100639   	171.486682869193    	
-1.29020356583787   	-2.37827387308443   	171.492916681644    	
-2.02326724561765   	-3.4060842930821    	171.48404608849     	
-2.73498119677616   	-4.46126761352124   	171.51708866083     	
-3.50086823067494   	-5.51823372253018   	171.505152592211    	
-4.18138545487995   	-6.61142562936752   	171.47299789384     	
-4.88216768022762   	-7.6297227275177    	171.495326254504    	
-5.60295703374782   	-8.72439785457618   	171.507924610764    	
-6.29466070608749   	-9.73659950742714   	171.499577523119    	
-6.96222586356295   	-10.8467288250403   	171.472776931878    	
-7.63743918255516   	-11.9271733987813   	171.510053880969    	
-8.34372895277042   	-12.9969617727727   	171.529138630391    	
-8.97198528615811   	-14.0651997830545   	171.506350697866    	
-9.67673187644495   	-15.1651024447683   	171.473973862575    	
-10.3502924854119   	-16.2316049388925   	171.511983604256    	
-10.9649234012017   	-17.3284329730172   	171.523240312913    	
-11.6297859306001   	-18.4173390822739   	171.490634394346    	
-12.2933187040661   	-19.4948322945475   	171.493185951491    	
-12.9120015495417   	-20.6221189721092   	171.503748127542    	
-13.5340915624703   	-21.7391341248216   	171.527115685466    	
-14.1703081278496   	-22.8425546135865   	171.478832238877    	
-14.8000151119676   	-23.9502281281032   	171.498576248751    	
-15.3808895194927   	-25.0575647668345   	171.511728995339    	
-15.9774083933877   	-26.1430078276833   	171.506902282618    	
-16.723835382913    	-27.1210862662756   	171.489474776223    	
-17.7758898685363   	-26.3175888024064   	164.483898376573    	
-17.4018321280277   	-25.2416084478645   	164.514876565402    	
-16.829176421752    	-24.0837502696855   	164.493429162121    	
-16.2662766269917   	-22.9092828228862   	164.556954624212    	
-15.70938288596     	-21.768518204331    	164.480943893908    	
-15.1345992625704   	-20.6880542139001   	164.510804449658    	
-14.5784109329608   	-19.5744057578742   	164.507135415564    	
-13.9579671102118   	-18.4762432539184   	164.499589902524    	
-13.3899987636047   	-17.3458013520044   	164.493176217411    	
-12.7542196806187   	-16.2529460719816   	164.474636234514    	
-12.1074241503867   	-15.0993790861784   	164.473580411762    	
-11.4970569620764   	-14.0344248825859   	164.493372861434    	
-10.8101668247935   	-12.8988311437458   	164.498164794387    	
-10.1788563015288   	-11.8711125380625   	164.529997493727    	
-9.49228740220466   	-10.8097148368496   	164.500784901778    	
-8.84568737306964   	-9.75064027320625   	164.484758067968    	
-8.17607114172364   	-8.6896160239655    	164.502709246967    	
-7.44698546021209   	-7.61691518055301   	164.477789749356    	
-6.74736438234659   	-6.55697550519615   	164.50953254719     	
-6.03247133488592   	-5.51999067063538   	164.508190644348    	
-5.34614612287356   	-4.46736926728658   	164.480315539923    	
-4.57577085282994   	-3.42758546577522   	164.514496967313    	
-3.77858617582601   	-2.45436947571946   	164.505351166521    	
-3.05182227524176   	-1.43000416142803   	164.49070387762     	
-2.31698032518752   	-0.419886378687524  	164.515785711713    	
-1.56104419508673   	0.570864081022978   	164.489885098605    	
-0.746420163493394  	1.55768183817293    	164.484074077496    	
0.0375793132947124  	2.55402344176134    	164.514380401107    	
0.865770030617659   	3.53643744217065    	164.482496554883    	
1.64153391456731    	4.46629596052672    	164.517860944031    	
2.46711320987882    	5.51451016851312    	164.494376070022    	
3.30734622090547    	6.42457070655046    	164.515226199201    	
4.10048813187862    	7.3475049669469     	164.537565825068    	
4.95122643267517    	8.2916342555352     	164.477347756583    	
5.81927001110651    	9.21799579037523    	164.483721510971    	
6.69566316583582    	10.1409209553024    	164.507138915037    	
7.55512474147297    	11.0600439565484    	164.509429837762    	
8.43970752032607    	11.9662472019783    	164.49279091128     	
9.31162554717617    	12.8870372175995    	164.529851062807    	
10.221936252066     	13.7782788614565    	164.513874045298    	
11.1122102329908    	14.675599123816     	164.508262650132    	
12.0596095165077    	15.5293104520785    	164.509935318968    	
12.935267032336     	16.4119690256603    	164.514795289292    	
13.8707730119394    	17.2814346264295    	164.502832142432    	
14.7961096238921    	18.0997611595964    	164.469079810995    	
15.739342826315     	18.9667554677618    	164.485620610111    	
16.7019311449321    	19.7976676762659    	164.519314707581    	
17.6421241585742    	20.6384471123949    	164.51209508641     	
18.5657176827968    	21.4609488270522    	164.485727666166    	
19.5901486018654    	22.2816393330792    	164.492074515615    	
20.1517788128469    	22.296012737314     	164.500239687084    	
19.2706504776419    	21.3755366554356    	164.501384908828    	
18.4235799202977    	20.4352808472407    	164.48274715227     	
17.5660311346717    	19.5437376657294    	164.479548491844    	
16.682600217286     	18.6545448649566    	164.488194847163    	
15.7997462191456    	17.7040442799462    	164.497186412542    	
14.9310059840834    	16.7885292812156    	164.456187893059    	
14.108112648471     	15.8650119264998    	164.498417132675    	
13.2210948371175    	14.9286779167091    	164.481892996291    	
12.3760318767921    	14.0373753694535    	164.483383722402    	
11.5022879134326    	13.0986220343975    	164.515849325827    	
10.6450211842591    	12.1235909101243    	164.480587001195    	
9.83706105082109    	11.2132970420902    	164.528678219381    	
8.95047357064778    	10.2521294445657    	164.516853844832    	
8.1654581961282     	9.33756119927686    	164.520678366954    	
7.31260239267083    	8.38440987383597    	164.499883282259    	
6.45190822740044    	7.42475656676934    	164.532435715648    	
5.68343356435172    	6.43423871102625    	164.496983641453    	
4.81443829620748    	5.48756793546714    	164.486836778249    	
4.00420568612918    	4.53834565235484    	164.473812136039    	
3.20410240590743    	3.56147601777442    	164.502547146217    	
2.38931468103486    	2.56427780640073    	164.52926017058     	
1.58434731880362    	1.60069385471621    	164.493480327418    	
0.830138303750086   	0.61752517079502    	164.510092034571    	
0.0376955327842763  	-0.354564587057331  	164.498899430911    	
-0.784137834344153  	-1.32928045365895   	164.470806672596    	
-1.56992024271663   	-2.37691125856069   	164.488126777175    	
-2.31877425716775   	-3.29927970994942   	164.483475058813    	
-3.08349949544008   	-4.32871851095307   	164.525055444404    	
-3.82636445681581   	-5.36523781131313   	164.531041384755    	
-4.58031739083904   	-6.34661471907728   	164.508399459564    	
-5.37141447416887   	-7.38872178489217   	164.519919797324    	
-6.06810688340545   	-8.41302955249109   	164.484588315858    	
-6.80619058348411   	-9.42593986654192   	164.524480822501    	
-7.52404152598501   	-10.4825999684717   	164.488375744693    	
-8.26934668487649   	-11.5479351956258   	164.490731942952    	
-8.98981495108426   	-12.5642537863409   	164.509918366768    	
-9.68736042791985   	-13.6188611859993   	164.493822866166    	
-10.3657688194224   	-14.6684398930898   	164.480928377807    	
-11.0535614916252   	-15.71810825485     	164.470841622018    	
-11.7827027568916   	-16.7812469870969   	164.500111337435    	
-12.4380207300962   	-17.8577984623929   	164.52018098857     	
-13.0926363117743   	-18.9035933561846   	164.491525067351    	
-13.8015085041173   	-19.9881038354685   	164.491551932911    	
-14.4115160059452   	-21.0849423893442   	164.494627599753    	
-15.1021990503414   	-22.1432245138109   	164.506200723622    	
-15.7060024314878   	-23.2158741830334   	164.4426902455      	
-16.3596054629696   	-24.3313731710035   	164.492122091803    	
-16.9702112555236   	-25.4036070221804   	164.477512655037    	
-17.7447351263442   	-26.3517067205953   	164.524720055145    	
-18.7575557630429   	-25.6227062547191   	157.495302480192    	
-18.4392112948851   	-24.517918441421    	157.507587950359    	
-17.8614905122002   	-23.3500650292971   	157.50781180021     	
-17.3201796802136   	-22.272391385343    	157.534336372121    	
-16.7185243228212   	-21.1964906175376   	157.508506357865    	
-16.1357707548225   	-20.0196637735594   	157.506235717706    	
-15.5766597851311   	-18.9281038454827   	157.504538935826    	
-14.9714058197928   	-17.8446051702953   	157.520937597098    	
-14.3443168543375   	-16.771950249687    	157.495292029015    	
-13.6899928982313   	-15.643605496363    	157.534023864144    	
-13.0934467968251   	-14.5707511586892   	157.505594513367    	
-12.4252592105374   	-13.5403376145369   	157.491981780251    	
-11.7723945012894   	-12.4618980443876   	157.512260070313    	
-11.0943000797457   	-11.4069117851519   	157.510543308373    	
-10.3887809848366   	-10.3567838273329   	157.484627864012    	
-9.75923556543685   	-9.28754479738806   	157.477174313912    	
-9.01843746629971   	-8.31029289201673   	157.508934901504    	
-8.33042363032877   	-7.26793545633028   	157.514998985279    	
-7.54982506434836   	-6.24060052949296   	157.484154254705    	
-6.81475019302159   	-5.27299765495641   	157.507329167602    	
-6.0301901912055    	-4.26725972152829   	157.505340704253    	
-5.30699045090664   	-3.25549192444633   	157.48470900405     	
-4.52624041235596   	-2.26579500852934   	157.486993587535    	
-3.73595674260936   	-1.28275372155652   	157.491276952429    	
-2.93306605950171   	-0.340120430745046  	157.489405493854    	
-2.14040940133908   	0.562748344143742   	157.489961920787    	
-1.30196438942278   	1.54917864823089    	157.506102393994    	
-0.440399840077677  	2.4684488449539     	157.542209607875    	
0.410978645814466   	3.36969482751316    	157.533929323597    	
1.28066098157736    	4.27863478915134    	157.523986822402    	
2.12202800549312    	5.21508739014706    	157.492491011535    	
2.99737282262054    	6.0659781323203     	157.524547450525    	
3.89695422820991    	6.94666004312247    	157.510954643577    	
4.79703591063196    	7.76550146462068    	157.51043320856     	
5.72161096786439    	8.63477515496642    	157.482578734458    	
6.67605537178748    	9.49691410702831    	157.529163730669    	
7.62015744419253    	10.3298975099401    	157.487727214773    	
8.54781055746459    	11.1215980749831    	157.488496087227    	
9.51046113996923    	11.9343646734943    	157.539181458362    	
10.4944179276138    	12.6720192565714    	157.497777347618    	
11.4432088517714    	13.4773109936581    	157.478131244467    	
12.5058437550434    	14.1954994050223    	157.541776396611    	
13.4704618205593    	14.9443753737738    	157.490036262273    	
14.5167768534301    	15.7107120901058    	157.490590319979    	
15.5361782435596    	16.4109034516812    	157.540044160703    	
16.5521915533875    	17.0717956962565    	157.504187936491    	
17.6752703978153    	17.7405920937821    	157.506738817876    	
18.6998689662127    	18.3846994399143    	157.510485239387    	
19.8102104173194    	19.0345555249653    	157.50848278235     	
20.8579031359529    	19.6380473411937    	157.48464696264     	
21.8044753645883    	19.6466253425865    	157.520268700004    	
20.7983412176256    	18.9300009095122    	157.531949592967    	
19.7766098666513    	18.1719462652441    	157.496435993582    	
18.8271647353343    	17.4130953237804    	157.511344408191    	
17.8652456824221    	16.6205774898489    	157.500127823452    	
16.8798253982585    	15.8554456899998    	157.509366336542    	
15.8856916915941    	15.0684193982057    	157.497923890352    	
14.9505860935279    	14.2791633610333    	157.505670948942    	
13.9925115181653    	13.4289920553242    	157.514634542421    	
13.049312973672     	12.5845115472953    	157.499875515505    	
12.1323628342487    	11.7784295941483    	157.472108531424    	
11.193927602144     	10.9000338320489    	157.506625300095    	
10.2448257481028    	10.0814550135904    	157.477127360016    	
9.33543868966971    	9.27242161800068    	157.496187633348    	
8.43037277316491    	8.40294470666477    	157.505459328765    	
7.53041689721515    	7.50326679899504    	157.489144613816    	
6.6574140363402     	6.65479040388       	157.514542104685    	
5.74652731984822    	5.7635454277703     	157.465991645801    	
4.86482730690834    	4.90383907088115    	157.508151246516    	
3.99021049480383    	3.98324358331289    	157.50608014651     	
3.10228420959777    	3.08740514216644    	157.503688310585    	
2.2828755007698     	2.1651596338156     	157.528783368399    	
1.4521869191127     	1.30426889234068    	157.471065707441    	
0.566712586305335   	0.355468736967632   	157.491770387921    	
-0.284155453247836  	-0.583984862390332  	157.523012395081    	
-1.0764947243314    	-1.52245532165008   	157.491568358701    	
-1.925184175855     	-2.45887075842915   	157.49735606821     	
-2.72962333509397   	-3.4496453606277    	157.510645914403    	
-3.49856340126583   	-4.35866372449839   	157.507279243593    	
-4.33929051996347   	-5.30596482691361   	157.487383385685    	
-5.14941045068402   	-6.25065453585708   	157.507216962224    	
-5.91411384988811   	-7.2588307356363    	157.503886508588    	
-6.65105409885539   	-8.23455164457449   	157.501493050755    	
-7.44570616198592   	-9.20218418140726   	157.504573751455    	
-8.18464481594385   	-10.2206642554228   	157.482267469691    	
-8.95657021919619   	-11.1949749124949   	157.500493906792    	
-9.69777674416779   	-12.2583752431029   	157.503469305182    	
-10.4269874472633   	-13.2587146111036   	157.527499438424    	
-11.1812269170935   	-14.2602634649451   	157.499501943839    	
-11.8730924424947   	-15.3155551503733   	157.504976389732    	
-12.5809289790184   	-16.3216592350053   	157.490226934295    	
-13.2599916112658   	-17.3278965462144   	157.536944279555    	
-13.9807994524269   	-18.4042055833241   	157.469250152207    	
-14.6677877399059   	-19.4145777893181   	157.504236274614    	
-15.3671175470332   	-20.4536186184035   	157.502580389473    	
-16.0270742268316   	-21.5369954436      	157.486787234288    	
-16.689667034441    	-22.5791727022194   	157.488722524836    	
-17.317427073318    	-23.6593109507529   	157.484334118286    	
-17.9893604942643   	-24.6994012515413   	157.443231606531    	
-18.7264201918105   	-25.6305771179185   	157.503256688895    	
-19.7857394516114   	-24.950525438385    	150.507724929689    	
-19.4067001266158   	-23.8043676550811   	150.490432978997    	
-18.8771754578488   	-22.701525109029    	150.535523888375    	
-18.3439809497474   	-21.5858256631808   	150.507931082844    	
-17.7406681489649   	-20.4741311736557   	150.510550002856    	
-17.1831777816483   	-19.3895417234289   	150.503792023013    	
-16.6254279980217   	-18.273148167924    	150.497298255964    	
-16.0105151825381   	-17.1856812442677   	150.514424792248    	
-15.3864201112449   	-16.1070586102039   	150.505873421363    	
-14.7643655676605   	-15.0606445459282   	150.484711806983    	
-14.1080597191612   	-14.015972640159    	150.476521679936    	
-13.4519147707901   	-12.9403116166433   	150.487469316271    	
-12.7708536500164   	-11.8717259993689   	150.510827720688    	
-12.1065932656924   	-10.7927408495849   	150.504504083264    	
-11.4037180018771   	-9.84528308586982   	150.461214737573    	
-10.684698141912    	-8.82314468016607   	150.503203834871    	
-9.94402272677804   	-7.81075120066745   	150.500212160952    	
-9.24039394578376   	-6.80200451620632   	150.511908967217    	
-8.45288917163378   	-5.83364201826951   	150.51794510595     	
-7.70916865659722   	-4.87219945254999   	150.510752830638    	
-6.92159291905856   	-3.89840351853199   	150.531349928872    	
-6.08905635329869   	-2.94291794991494   	150.485879769757    	
-5.31747556661141   	-1.98064893783797   	150.485722388131    	
-4.43563714050217   	-1.07108802632018   	150.541081251398    	
-3.63887644973967   	-0.15466266252643   	150.480668326789    	
-2.80152287902966   	0.766813112677506   	150.499638212109    	
-1.89314426389789   	1.62103675895532    	150.519770069197    	
-1.02212315170902   	2.513727762857      	150.515252545306    	
-0.133210187997741  	3.35405920113888    	150.52545681213     	
0.782072267130629   	4.20986862659501    	150.499526040757    	
1.75591557069402    	5.03690531806521    	150.486435561064    	
2.64322947974055    	5.87221329529347    	150.488352506772    	
3.6095807681735     	6.64644442054875    	150.519591576524    	
4.55184881867731    	7.43863222567152    	150.486974852131    	
5.57637878910163    	8.18870326826547    	150.48491535475     	
6.5934269966634     	8.94155464919474    	150.467387580021    	
7.56068426967334    	9.68521610656023    	150.496849386864    	
8.55407466538464    	10.3363970575394    	150.500013110272    	
9.65761877553497    	11.0367351996213    	150.517421002845    	
10.6799719502287    	11.7274346746509    	150.48832471273     	
11.7540870359105    	12.3507602243851    	150.528411597401    	
12.814175186074     	12.9540885715412    	150.514721929853    	
13.9498788718742    	13.5523043507639    	150.51899531529     	
15.0541493217115    	14.0935896491183    	150.514673541929    	
16.1906283985203    	14.6099903367591    	150.501199147747    	
17.3119864322435    	15.1257010081859    	150.499636415527    	
18.4551134028376    	15.541611773679     	150.521352327446    	
19.6530793936675    	15.9634220200451    	150.533805754344    	
20.784776421932     	16.3664877230493    	150.476531171163    	
22.0336658476522    	16.6838092274161    	150.476828323359    	
23.1823196162891    	16.8368713339521    	150.523153690803    	
22.3929631767294    	16.1883584487956    	150.52225860151     	
21.2454674474605    	15.5928510781867    	150.476597303051    	
20.1548847303143    	15.0342124951771    	150.486275718005    	
19.0984943103574    	14.4175182651205    	150.501225043902    	
18.0050242047422    	13.82244027048      	150.494562153285    	
16.9534287746558    	13.1464225457665    	150.503319750118    	
15.9194048585749    	12.4749970366986    	150.466328151885    	
14.8603348963415    	11.8080730531961    	150.515768941462    	
13.8430641015115    	11.134007359953     	150.499807747642    	
12.7966340697534    	10.4023760159219    	150.499065795003    	
11.769268945092     	9.69928303846939    	150.512755650274    	
10.7852717806332    	8.92933635399306    	150.508515265589    	
9.82591601468539    	8.20877170942051    	150.474036744062    	
8.79767190358426    	7.47909445894925    	150.514306027822    	
7.84148700902402    	6.65101509259956    	150.510567648946    	
6.85675586738894    	5.84822120838114    	150.529113919934    	
5.90853816951566    	5.07181518145815    	150.557187651612    	
4.94781292763243    	4.25165067493065    	150.535307092947    	
4.05544432393018    	3.47130986414493    	150.478914864913    	
3.12441870975298    	2.6052205094195     	150.48673658088     	
2.21924016650661    	1.82529316184219    	150.493141487151    	
1.29576664779151    	0.959760845647496   	150.498711013463    	
0.38585333711381    	0.0605275955909209  	150.481925402006    	
-0.496980632095669  	-0.771512958431364  	150.533861168807    	
-1.4001138473973    	-1.61900159715957   	150.527705291553    	
-2.2204445345015    	-2.52770200519914   	150.51572910149     	
-3.10702068895064   	-3.45246205144219   	150.509780662536    	
-3.96458150595038   	-4.35294307157404   	150.488350806795    	
-4.77653645640782   	-5.28009441092807   	150.492231219669    	
-5.61052916702781   	-6.19699245604491   	150.508786097475    	
-6.46275165911136   	-7.10262402171954   	150.516833612395    	
-7.26416233454902   	-8.02178497814424   	150.533091098017    	
-8.06702688214301   	-8.99801749841201   	150.49739934767     	
-8.89082900213081   	-9.94167039418288   	150.515652233953    	
-9.64848099242649   	-10.8821907592013   	150.496853127806    	
-10.4113182691677   	-11.8643415793604   	150.498681178618    	
-11.2093033597627   	-12.8479892266595   	150.458920256014    	
-11.9428410220524   	-13.8294022819831   	150.500225454514    	
-12.6932798300959   	-14.8426933327488   	150.475486126273    	
-13.411609148532    	-15.8281140028739   	150.511011906603    	
-14.1862111389098   	-16.8496012473989   	150.526637727296    	
-14.8708107975386   	-17.8401279069631   	150.483501692082    	
-15.5828635342473   	-18.8899981735066   	150.528585694912    	
-16.3226479382757   	-19.9078673040869   	150.485554720618    	
-16.9815593554787   	-20.9287480735197   	150.502211697036    	
-17.6736639240208   	-21.9375161658942   	150.509788590267    	
-18.3407785781832   	-23.0094140338519   	150.518344641691    	
-18.9927226579303   	-24.056770183928    	150.507898249855    	
-19.7914285281186   	-24.9291423329832   	150.522711031005    	
-20.7927879053904   	-24.2924157364145   	143.525132952661    	
-20.4386259668508   	-23.1957917257485   	143.489965511749    	
-19.9224203642122   	-22.0788467729033   	143.508266522477    	
-19.3758504505336   	-20.9783064708479   	143.48467675426     	
-18.7834836778634   	-19.8084045087011   	143.49625506231     	
-18.2332474483681   	-18.7353548507806   	143.497848446976    	
-17.6129824340384   	-17.6504114818514   	143.528380912299    	
-17.0081118105086   	-16.5500534468654   	143.465631635945    	
-16.3426890291319   	-15.4994246043571   	143.481101781764    	
-15.7168978646778   	-14.4017920603795   	143.481207488501    	
-15.0682882563304   	-13.3810383505719   	143.47834023298     	
-14.3909215754291   	-12.3429550678546   	143.477871438789    	
-13.6916883037806   	-11.2961441734561   	143.48427944603     	
-12.971448158423    	-10.2543069736401   	143.524688305979    	
-12.2458169499797   	-9.28463133092669   	143.489056461908    	
-11.5063838535944   	-8.27972478890548   	143.513284441834    	
-10.7604258096581   	-7.25198228524103   	143.476114656661    	
-10.0097858313458   	-6.27084206410443   	143.489852984959    	
-9.19411087567272   	-5.29582887510466   	143.478770066303    	
-8.44036587341865   	-4.34484297180994   	143.487012020456    	
-7.62703377290511   	-3.40636993363698   	143.507958029994    	
-6.78970237269663   	-2.51292178004602   	143.479963340769    	
-5.89701751147259   	-1.54821294026142   	143.501164431502    	
-5.05614737555251   	-0.649391436644657  	143.512411006953    	
-4.1700017185474    	0.203843070288053   	143.487149926589    	
-3.2672624280061    	1.09383533955884    	143.501856765626    	
-2.37581103045622   	1.92277845227446    	143.47226717703     	
-1.44344105526983   	2.75110294741557    	143.470962559933    	
-0.501401573924035  	3.60353157426668    	143.487720877448    	
0.44448028524135    	4.36074069602431    	143.487389684114    	
1.41409345778698    	5.17478533431359    	143.475374813924    	
2.3697161742469     	5.89576253054219    	143.505344147153    	
3.36882617074075    	6.63778189482652    	143.494551148193    	
4.45164098954       	7.3571967539542     	143.507608453267    	
5.4569257285053     	8.00073361347874    	143.511009188543    	
6.50930241533077    	8.69578575128261    	143.514961572524    	
7.59703250097837    	9.30219272700649    	143.50907416906     	
8.67585071312699    	9.93444300915137    	143.527905371468    	
9.76297205005581    	10.5471079373295    	143.531003716831    	
10.8892252667344    	11.0681844690261    	143.474355692376    	
12.0590365099369    	11.5483690246001    	143.510336737249    	
13.1888192018362    	12.0367755467987    	143.512954797773    	
14.3323336093179    	12.4581999831102    	143.502457663277    	
15.5457152019427    	12.8510195338878    	143.511554963681    	
16.7086990129744    	13.1864919539028    	143.487899684359    	
17.9063125443695    	13.5367964419274    	143.516111411332    	
19.1533747320581    	13.7460884730982    	143.501894399589    	
20.3876262102928    	13.933578868532     	143.468853391564    	
21.6057989493648    	14.0750952767089    	143.485901413405    	
22.8945683659618    	14.1567310238289    	143.465415360607    	
24.0811318808916    	14.189414834794     	143.53844350419     	
23.8632062756958    	13.6074417643568    	143.468857231098    	
22.6627147230079    	13.3160519321239    	143.517648913047    	
21.4800312919744    	12.9210245011744    	143.473885427104    	
20.2933563613696    	12.4788403906565    	143.530563440077    	
19.1387025022749    	12.0249493936214    	143.514549516402    	
18.0322332104428    	11.5573140546675    	143.482916349837    	
16.8531247172131    	11.0068113574504    	143.499223319431    	
15.7859170503823    	10.4520935303926    	143.481216847553    	
14.6694830979816    	9.89497657601124    	143.50686701232     	
13.5531541575035    	9.29746409419152    	143.52333574191     	
12.4532984152787    	8.68343388365038    	143.498696740393    	
11.4283430524073    	8.07039083764379    	143.526666792658    	
10.3777780606207    	7.35934902125398    	143.51616300826     	
9.33954038178263    	6.67584294353511    	143.52489621915     	
8.25841500633009    	6.01400530285937    	143.506826512263    	
7.23474005525271    	5.31191141383919    	143.493275951387    	
6.24541257458452    	4.57045447956135    	143.506929833959    	
5.26944909828417    	3.82788167084266    	143.491411673802    	
4.24611042820084    	3.05434761002696    	143.498650878097    	
3.26109955984157    	2.27642757827432    	143.466572605058    	
2.30368207416625    	1.53925887294381    	143.495024566954    	
1.30893046589856    	0.71154893266151    	143.488445350949    	
0.431919676521767   	-0.0915783548635075 	143.511948444473    	
-0.563859207701652  	-0.901257423624311  	143.513304258764    	
-1.45886462126845   	-1.74208442954737   	143.491847800681    	
-2.38517666303673   	-2.61911216023766   	143.516067321665    	
-3.29207290780801   	-3.40562596937115   	143.485150755514    	
-4.20326112357783   	-4.32228955575829   	143.514186521598    	
-5.09525278465464   	-5.17770579357298   	143.504988003973    	
-5.96927213596483   	-6.05083767574997   	143.442864224183    	
-6.81564746424383   	-6.95617675296627   	143.479362186158    	
-7.68355167548664   	-7.86597888368509   	143.503732661302    	
-8.51072616242237   	-8.74839304802593   	143.462514281131    	
-9.37310371283391   	-9.72845854816231   	143.487875635598    	
-10.198601297048    	-10.601875067385    	143.487460148339    	
-10.992116227745    	-11.5685714821944   	143.51942489638     	
-11.8313493434014   	-12.5195404263788   	143.460089305086    	
-12.6019575493909   	-13.4627820431529   	143.523719886121    	
-13.4234369173097   	-14.4408643940933   	143.507254918331    	
-14.1843124103146   	-15.3523427709393   	143.491553589227    	
-14.954900978111    	-16.3734150811401   	143.467176468828    	
-15.7212376450975   	-17.3491705813523   	143.490180253971    	
-16.4526340232049   	-18.3556483783655   	143.507369321107    	
-17.2386566186787   	-19.3594965648475   	143.510848778301    	
-17.9597126180784   	-20.3579583742817   	143.515300939601    	
-18.6602912277484   	-21.3291990840298   	143.482243225876    	
-19.3504572394426   	-22.3999393171259   	143.461798184686    	
-20.0411119394329   	-23.4264324733594   	143.47477662466     	
-20.8297980931681   	-24.2928857028471   	143.514120011863    	
-21.4890092352958   	-23.5291142819314   	136.525676626748    	
-21.106250538401    	-22.3948858650735   	136.525933397243    	
-20.6036867637875   	-21.2676477284764   	136.475263501877    	
-20.0309524991406   	-20.1390215420872   	136.490001721881    	
-19.4527357113322   	-19.0305413568034   	136.496522582856    	
-18.8841035221069   	-17.9301076621903   	136.514372188465    	
-18.2731290272387   	-16.8479679763838   	136.471577883025    	
-17.684483688432    	-15.7373681516786   	136.499717815862    	
-17.0190451949582   	-14.6618652204126   	136.511601363517    	
-16.3686660744527   	-13.6129434495289   	136.534362014997    	
-15.7182821839183   	-12.5637530869529   	136.515489579404    	
-15.0288791944076   	-11.5135959928585   	136.513241934008    	
-14.3265958110412   	-10.4972777422585   	136.484729692708    	
-13.6240510842705   	-9.43567540932137   	136.506642628665    	
-12.897655037592    	-8.40980657931855   	136.490485170362    	
-12.1330956492688   	-7.45708690908639   	136.517981497964    	
-11.3044205802687   	-6.46324660207324   	136.491549090697    	
-10.5304283163215   	-5.48225184156393   	136.492937407933    	
-9.71597202481338   	-4.53136213104338   	136.47251480673     	
-8.91959141138148   	-3.62760603556914   	136.481612209827    	
-8.03741045135338   	-2.68131057051424   	136.490151977113    	
-7.20156349762939   	-1.80251514405408   	136.491105221805    	
-6.34164976931051   	-0.890219030541228  	136.515456102235    	
-5.41989698268544   	0.0489427683436373  	136.505002912161    	
-4.50767642651174   	0.837601413153661   	136.503764577307    	
-3.5778576843093    	1.66503469882447    	136.469008055711    	
-2.63768701679437   	2.52207733873919    	136.486214290148    	
-1.67721898268305   	3.33259679388608    	136.497181284417    	
-0.674791190470662  	4.02542766291233    	136.504823513893    	
0.340012568018511   	4.75234552335585    	136.496554051532    	
1.33327908954423    	5.47630013719528    	136.529335291347    	
2.38594186083628    	6.18912806422558    	136.502436959945    	
3.46920456049111    	6.83061392568996    	136.476535960516    	
4.53360430777376    	7.51419994628077    	136.532594498616    	
5.63550326242561    	8.10439714498928    	136.480841399913    	
6.73881534905408    	8.65656262542219    	136.510830509807    	
7.85289100963719    	9.18532810485146    	136.506599061642    	
9.02999300799593    	9.67873136692638    	136.513716577594    	
10.1681930487449    	10.1520914765292    	136.494428384746    	
11.3250005858995    	10.5632876311608    	136.478138238514    	
12.5578703688774    	10.8765336897608    	136.526830238823    	
13.7716830297634    	11.2240176022691    	136.44362259096     	
15.0224801841658    	11.4953091770272    	136.469929818525    	
16.2157202880816    	11.6986961349467    	136.525118428393    	
17.4910016335264    	11.8397782499212    	136.483096305204    	
18.7337002651017    	11.9305130672352    	136.49713977407     	
19.9682421019605    	12.0187262552364    	136.533793575235    	
21.186473721513     	12.0030254267408    	136.556545081674    	
22.4395678180489    	11.9066365917005    	136.511088812834    	
23.7080590789463    	11.7414138572035    	136.520155685418    	
24.9467559581756    	11.513261702674     	136.501825572853    	
25.4308712818844    	10.9928084052098    	136.513183327547    	
24.2097821428445    	10.8668544343793    	136.519717058751    	
22.9753820496678    	10.6822387577412    	136.506593974943    	
21.7671161313151    	10.46779528915      	136.517690554173    	
20.509137422422     	10.1505598767503    	136.504532624904    	
19.3062214477132    	9.89090392309008    	136.530895372192    	
18.1242236976558    	9.48361198254017    	136.489472363182    	
16.9185076012844    	9.13919413457171    	136.501699350696    	
15.74672441322      	8.70529796010778    	136.478341882682    	
14.5761447567005    	8.23432528360554    	136.469786944312    	
13.3876637536202    	7.76285635621329    	136.511924433229    	
12.2652181296979    	7.27979482407148    	136.494326957188    	
11.1601981950595    	6.68484626446076    	136.519958338084    	
10.0607208657307    	6.14394255730728    	136.556180623121    	
8.95342615748147    	5.56293290440445    	136.444047973276    	
7.86995646763288    	4.89652951449166    	136.506639788914    	
6.81401250184686    	4.28146890869184    	136.476064454177    	
5.71584906241994    	3.6269222330718     	136.534539051541    	
4.69239283731932    	2.95789239147226    	136.481070244754    	
3.67224514614799    	2.25863008926851    	136.528980931383    	
2.59812062823733    	1.5142962821026     	136.515810038374    	
1.65878309939072    	0.797780287168911   	136.515102715957    	
0.605573515050357   	0.00428987380453536 	136.500693649731    	
-0.368887135723567  	-0.757574148638572  	136.485408297565    	
-1.33238030405401   	-1.50690748384483   	136.504448099505    	
-2.31221940837536   	-2.31096780789345   	136.51759970344     	
-3.21972169010233   	-3.12558616989704   	136.47530145835     	
-4.17899410291953   	-3.97512577128481   	136.48273720314     	
-5.14111142669324   	-4.79578838409957   	136.483333870994    	
-6.01538829957351   	-5.66391593846284   	136.510201098337    	
-6.95529780680762   	-6.53909693197549   	136.48916182527     	
-7.84018803010942   	-7.34902212136797   	136.486240517957    	
-8.72342406955621   	-8.26628782675205   	136.525233285912    	
-9.59060389284531   	-9.14727035209598   	136.49861415122     	
-10.437536357962    	-10.0977066061693   	136.495898855849    	
-11.3183473461094   	-10.9752459004114   	136.506577435214    	
-12.1424263309987   	-11.9146572913336   	136.517442702727    	
-12.959975162114    	-12.8302773073848   	136.522591788159    	
-13.7961713080435   	-13.7833649074921   	136.501453101933    	
-14.585045332383    	-14.755587977395    	136.517246683912    	
-15.3774543633458   	-15.6938197651233   	136.529884381842    	
-16.1875214551411   	-16.6841132619408   	136.518997607       	
-16.9192347823352   	-17.6926895768963   	136.502591548346    	
-17.7405456256365   	-18.6846413108907   	136.496540888454    	
-18.474707256553    	-19.64428773562     	136.507293778427    	
-19.220813786839    	-20.61541493911     	136.500511626764    	
-19.9931473419524   	-21.6632987320191   	136.472086990561    	
-20.6821342266742   	-22.6411089338593   	136.490423132642    	
-21.4792503927026   	-23.5144174405876   	136.486507289658    	
-22.020360192968    	-22.6580191715486   	129.527167087744    	
-21.7307183921044   	-21.5545237071145   	129.476023111931    	
-21.2181794631357   	-20.3980709526039   	129.51153722393     	
-20.6485249497338   	-19.2553826974379   	129.472531947501    	
-20.0760031105458   	-18.1380782624831   	129.497852362853    	
-19.5011946512262   	-17.0190277581767   	129.510838918497    	
-18.9022397016551   	-15.9206347274607   	129.506415372239    	
-18.2473821980962   	-14.8553336738108   	129.465499635182    	
-17.6180889423      	-13.7447818719137   	129.499406394203    	
-16.9513811745459   	-12.6531581804411   	129.46229362405     	
-16.2699069089577   	-11.6114060943659   	129.502805562451    	
-15.5870658517335   	-10.5360333107403   	129.474889229095    	
-14.8320965297603   	-9.53974204248079   	129.510607369204    	
-14.1120158593015   	-8.47685427444094   	129.513361330881    	
-13.3730817143707   	-7.51913151037694   	129.555506103683    	
-12.5686615115386   	-6.51235446948401   	129.488788627804    	
-11.7730729316312   	-5.55895641824915   	129.497058023425    	
-10.9937744159139   	-4.56352718297218   	129.520947885124    	
-10.1159504759556   	-3.59901974562307   	129.498365141254    	
-9.24722301535046   	-2.6679661095945    	129.509233290196    	
-8.37786421704775   	-1.77370008015782   	129.507289262151    	
-7.49141888517234   	-0.931553466627991  	129.49695080089     	
-6.57484435229294   	-0.0414922625459098 	129.463574104729    	
-5.62474266782944   	0.741291470849669   	129.515650262041    	
-4.63803056349192   	1.6134146301491     	129.525200456045    	
-3.68844555352658   	2.42159969880131    	129.520123863332    	
-2.68462980761945   	3.19579919410076    	129.527940333374    	
-1.63782588292721   	3.92176683979135    	129.487894479498    	
-0.617571909651296  	4.65364405866218    	129.492799394635    	
0.463427563402543   	5.30074185828199    	129.541078121215    	
1.5291850375737     	5.93475763808175    	129.516677811096    	
2.60024741799102    	6.55469664007113    	129.492025325126    	
3.74256246280477    	7.10900504692401    	129.48963866213     	
4.86815935402391    	7.70590942442993    	129.482628118565    	
6.0297068166862     	8.18802182727987    	129.499815231447    	
7.19723813964113    	8.65200793721699    	129.49165058673     	
8.42095599212371    	9.07124018180421    	129.51072261103     	
9.58176224122261    	9.44782901902504    	129.473818209398    	
10.8209395674795    	9.71404371360659    	129.500595249113    	
12.0573332483163    	10.0089964614284    	129.541668192534    	
13.290421052479     	10.185780393415     	129.506666231397    	
14.5630717440947    	10.3472602436558    	129.507277741697    	
15.8283457411126    	10.4298957926491    	129.491762504804    	
17.0861617448138    	10.4780070516082    	129.519842407676    	
18.3361168273963    	10.4798163257979    	129.533289591355    	
19.5569883192308    	10.3617050884629    	129.50386530637     	
20.8744994821987    	10.1965553835264    	129.542796248969    	
22.120696523888     	10.0096966641425    	129.511733217636    	
23.346681295546     	9.7472476085508     	129.512318339337    	
24.5340927947234    	9.40831747029012    	129.514305581293    	
25.7687769787178    	9.02326095847411    	129.493812684575    	
26.8740492187304    	8.55528651234508    	129.507260249586    	
25.8218842663196    	8.28237004763273    	129.535930932352    	
24.5576076208769    	8.25984590011433    	129.511817654523    	
23.3166676081007    	8.2504338840764     	129.507657540569    	
22.0708201276956    	8.15033305634411    	129.499820986744    	
20.7874180618459    	7.99732963775384    	129.522720165712    	
19.5666664082921    	7.84467988801941    	129.513053900512    	
18.3118780472834    	7.61439968489409    	129.501193306637    	
17.0744868365317    	7.38011903490718    	129.510322807273    	
15.8359750422251    	7.1141947764111     	129.495464095096    	
14.617454948656     	6.70054562934651    	129.486255588043    	
13.4302711154693    	6.37158296558867    	129.50540531605     	
12.2550759439514    	5.93591695413979    	129.463591050959    	
11.0232431166433    	5.48281422283744    	129.488463121227    	
9.88915993057155    	5.02919796655359    	129.530884419031    	
8.72048847294672    	4.52667864428023    	129.498473267239    	
7.57456717419991    	3.99023003158761    	129.48057031036     	
6.46093111780669    	3.41163985010642    	129.523331404726    	
5.32974665636636    	2.83050923525115    	129.469992724135    	
4.23938954214759    	2.26598989047849    	129.507005134259    	
3.17347354793684    	1.59643616500278    	129.467619235124    	
2.09590537371073    	0.9396120224309     	129.523220739273    	
1.0479315319783     	0.253131011969694   	129.489594712231    	
0.0121080090577585  	-0.466512899353171  	129.532401251556    	
-1.03658295951699   	-1.18178948679174   	129.515834227729    	
-2.04962938482379   	-1.97281312719566   	129.497903150208    	
-3.022456730611     	-2.69473579828148   	129.487565099834    	
-4.05943152815827   	-3.46065044085515   	129.530229509659    	
-5.00944198539317   	-4.3000019207814    	129.468762840237    	
-5.92679387644964   	-5.13133769636565   	129.512495768024    	
-6.9605157941695    	-5.96648231622622   	129.468357917864    	
-7.88541571930013   	-6.76683541555111   	129.491349416083    	
-8.83476702978838   	-7.66269031898931   	129.489431865119    	
-9.71561207821028   	-8.48802984631884   	129.494532181207    	
-10.5917032364236   	-9.38452962423874   	129.490918161122    	
-11.5356935692376   	-10.2735165825005   	129.514839939946    	
-12.3950370264027   	-11.2062430687189   	129.518536062342    	
-13.2669369938852   	-12.1216831819767   	129.469500592196    	
-14.0686277568914   	-13.0097179673612   	129.485325085618    	
-14.9442132155958   	-13.9790243406183   	129.517681873189    	
-15.7932234682279   	-14.8970186730278   	129.484267023237    	
-16.6101588515551   	-15.8545939635477   	129.514169025026    	
-17.4169157531765   	-16.8417282480464   	129.508389458219    	
-18.2112058819974   	-17.8074932018014   	129.486469275259    	
-18.9586036804271   	-18.809136209685    	129.488303810779    	
-19.7296830872338   	-19.8128817021684   	129.514380542843    	
-20.5456662905216   	-20.8305154621286   	129.502797851582    	
-21.2624149956659   	-21.7913702433314   	129.490791588795    	
-22.0914105089214   	-22.6799532350226   	129.505633751582    	
