-14.7535973028329   	-28.6779421822533   	185.488173223982    	
-14.4639827388391   	-27.4993646203836   	185.494734470868    	
-13.9257544496079   	-26.2928541030291   	185.514440039872    	
-13.4073916926038   	-25.1158583180481   	185.499360642555    	
-12.8355028528128   	-23.9299571961684   	185.469038412549    	
-12.3447998403853   	-22.7726151097082   	185.514982764698    	
-11.8203343482229   	-21.599946379354    	185.531237586992    	
-11.2802132624909   	-20.441829785278    	185.522416655035    	
-10.6851830720634   	-19.2426510686964   	185.481867207483    	
-10.1662352952821   	-18.0974013962297   	185.482807048127    	
-9.59638378775351   	-16.9560375586389   	185.52078384808     	
-9.03760609600959   	-15.7681646127819   	185.469090357377    	
-8.45153703089316   	-14.6392187259326   	185.492965116965    	
-7.88498605422111   	-13.4553929922322   	185.508324844203    	
-7.31215735243505   	-12.3103978683736   	185.501196645946    	
-6.73471734407353   	-11.1473288980588   	185.529844341293    	
-6.16259471474971   	-10.0507825487626   	185.521269911231    	
-5.55847803995724   	-8.87809014067498   	185.499263601038    	
-4.96135853759398   	-7.71636762218994   	185.527852658178    	
-4.36730398580579   	-6.59170718798766   	185.471233170853    	
-3.74939521895188   	-5.46435481790775   	185.511600747735    	
-3.16218529747928   	-4.2841417410979    	185.47615402907     	
-2.59339140620347   	-3.14529349890633   	185.52462908477     	
-1.95651140193009   	-2.03386286048303   	185.440487116979    	
-1.32560899990852   	-0.850815116263527  	185.506326268811    	
-0.704601242902532  	0.225304289181239   	185.527168075714    	
-0.0855553814167306 	1.38129824458412    	185.498678475071    	
0.51490899657649    	2.4897749949127     	185.47742513223     	
1.14886984518812    	3.59794234136978    	185.495858599293    	
1.7927708808302     	4.67938263045447    	185.52226143988     	
2.4429897481693     	5.87647255269902    	185.525155352371    	
3.0554724778034     	6.96776819045281    	185.505708904307    	
3.74021581324257    	8.11095348108336    	185.486112558864    	
4.34151456595442    	9.21824994954704    	185.47860671919     	
4.98197499817846    	10.2915009916046    	185.509797580002    	
5.6201641149359     	11.4195617042321    	185.509762506711    	
6.3037421250232     	12.557831377149     	185.525986234715    	
6.92101532465437    	13.6364258333806    	185.516017064505    	
7.59890289545464    	14.7808129757843    	185.489451106889    	
8.24040645471536    	15.8702470030483    	185.512775580842    	
8.86999261064159    	17.0135990876197    	185.500048802514    	
9.51628751669226    	18.1040191526146    	185.496558813001    	
10.1722442797222    	19.2501821075531    	185.480359562215    	
10.8645137749653    	20.3721881778382    	185.527926842878    	
11.5083589386914    	21.4383972670573    	185.481236556378    	
12.1456098040124    	22.5605887029161    	185.506532843565    	
12.7836609778228    	23.6970292178416    	185.503554317011    	
13.3770824719047    	24.7922780300498    	185.499800783498    	
14.0197896392073    	25.9210206140391    	185.496139159099    	
14.6551328669819    	27.0412031788235    	185.517848836908    	
15.0551629506059    	26.940230682998     	185.469054836864    	
14.4409458413034    	25.7670546597705    	185.515696291953    	
13.8994165155066    	24.6567565099943    	185.518988968992    	
13.3209325712453    	23.460495536914     	185.532404904646    	
12.6662780927036    	22.3166365477723    	185.5057752715      	
12.1082473452649    	21.1744404563931    	185.489476092543    	
11.5273719025578    	20.0480634013341    	185.499484542695    	
10.9167217379061    	18.8926298528603    	185.489742933318    	
10.3133275285617    	17.7885228638249    	185.486920346629    	
9.69420301474583    	16.6305931946538    	185.455127824041    	
9.0634016098305     	15.5519055665255    	185.534865783299    	
8.45857406553652    	14.4150766949989    	185.552919604044    	
7.82610923896146    	13.1968845789993    	185.51594362337     	
7.17216633252228    	12.1287630340462    	185.518815642448    	
6.56186279358295    	10.9900528607537    	185.495398508334    	
5.97278040200823    	9.86438985052349    	185.527063125376    	
5.29822231136858    	8.73143749926172    	185.513932364107    	
4.67355993648494    	7.61279730787787    	185.51774551965     	
4.09815140928857    	6.47192884467043    	185.476856794555    	
3.41871709209069    	5.3584806851349     	185.487153324957    	
2.80705999477126    	4.22652878873122    	185.507289515266    	
2.20161919142675    	3.12441863840245    	185.507197668975    	
1.53667101391088    	2.0261210585519     	185.477023666233    	
0.926019967928488   	0.863189774264974   	185.47469823582     	
0.280507154213551   	-0.251535609095937  	185.524450429371    	
-0.338668873775494  	-1.38925851263485   	185.475046990916    	
-0.986512114487806  	-2.50283191937169   	185.504700278727    	
-1.58873031740398   	-3.62423245049827   	185.502169930993    	
-2.22280993330085   	-4.79011001477505   	185.50662724698     	
-2.84050332421645   	-5.895157552724     	185.46726376487     	
-3.42578400257932   	-7.02293172532513   	185.45902587607     	
-4.03662632706551   	-8.18162761569508   	185.517447608491    	
-4.66296508572382   	-9.29674999015974   	185.517134306448    	
-5.25156523430154   	-10.4314015508297   	185.499841636016    	
-5.8795014063081    	-11.5602400711813   	185.497238238296    	
-6.49357877006664   	-12.6992432697336   	185.508455554015    	
-7.08527236575203   	-13.8432151835416   	185.510617461926    	
-7.67077282035534   	-15.0386788457949   	185.473514163643    	
-8.27868111052123   	-16.1200538991193   	185.475739408023    	
-8.86225491766259   	-17.3231392311103   	185.48052649597     	
-9.43435974976517   	-18.4591349821445   	185.522896670876    	
-10.0419647692981   	-19.5633962507824   	185.492558753075    	
-10.5954216771695   	-20.7549376470289   	185.524637613561    	
-11.2149371176521   	-21.8757163450286   	185.463686073497    	
-11.799297616208    	-23.0071712992107   	185.489396838099    	
-12.3282947638126   	-24.1728682300486   	185.515715805986    	
-12.8991068082487   	-25.3177671534591   	185.508760872453    	
-13.4840020785126   	-26.4729462692555   	185.519372445727    	
-14.0727839007698   	-27.6607768232693   	185.483153589036    	
-14.7397617669736   	-28.6445216176452   	185.521005949701    	
-15.7357688697813   	-27.8691904699832   	178.482258762595    	
-15.4347189479101   	-26.7036568506456   	178.453273534349    	
-14.9137045346855   	-25.5569427679153   	178.524894736693    	
-14.3402570411557   	-24.4084312355208   	178.501800319535    	
-13.8411843284637   	-23.2242732404192   	178.506507934436    	
-13.2746143978652   	-22.1117726742015   	178.504746788719    	
-12.7552416824714   	-20.9503803823066   	178.481657666351    	
-12.1291370724301   	-19.7925265223906   	178.529273443476    	
-11.5786788947402   	-18.6418354980048   	178.493077118194    	
-11.0018265684253   	-17.5093507687179   	178.494601690027    	
-10.41979915047     	-16.3735178615092   	178.491318287315    	
-9.84280684088902   	-15.1944849509687   	178.500768005621    	
-9.26778159645911   	-14.0697232060517   	178.48234602406     	
-8.63943678938193   	-12.9357858029516   	178.473827633327    	
-8.07036189597807   	-11.8455553658372   	178.499604426401    	
-7.45386171662666   	-10.7073626427634   	178.525622951481    	
-6.8123959892197    	-9.5959146504699    	178.498254586956    	
-6.21160734244041   	-8.51930418382136   	178.516080419217    	
-5.57705412797193   	-7.35194468697535   	178.475674494262    	
-4.90477884240019   	-6.24109581527031   	178.508785658653    	
-4.3018487982873    	-5.16901745823336   	178.476607185687    	
-3.60418125285193   	-4.07369034315827   	178.505886546184    	
-2.98697692653501   	-2.94851723081418   	178.512203394539    	
-2.28848556351801   	-1.88302561647507   	178.478148673825    	
-1.66476378931724   	-0.759035028212087  	178.482300810504    	
-1.01407291343537   	0.301795752344843   	178.468320296463    	
-0.28800677231088   	1.40512451553412    	178.471678645418    	
0.403005234286796   	2.48802167971026    	178.49064114363     	
1.05095443455463    	3.58268014469453    	178.502731581553    	
1.81835556379644    	4.62878696110444    	178.531778919943    	
2.42944395929528    	5.6810794809713     	178.511280419325    	
3.14102782168493    	6.76225392830903    	178.542484358264    	
3.83269096518826    	7.82277648599028    	178.518304829768    	
4.57457892534534    	8.88274514678029    	178.496086571866    	
5.30411584177653    	9.94066167818761    	178.53852858732     	
6.01858719792582    	11.021322323644     	178.513675005683    	
6.72152271605708    	12.0670792680475    	178.513629561703    	
7.43134768468956    	13.1408696650745    	178.499936187982    	
8.16175245584298    	14.1563190488351    	178.481848794492    	
8.94702561851314    	15.2046318554436    	178.501611161114    	
9.64213678960569    	16.2480099803754    	178.479434382676    	
10.3865470966643    	17.3186190387601    	178.470995370712    	
11.145951740831     	18.3399587498389    	178.475506209609    	
11.8503864489968    	19.4146260814569    	178.4705664867      	
12.6042180138969    	20.4502444336057    	178.525690472666    	
13.3605197574051    	21.4838222086932    	178.506181307215    	
14.105120626333     	22.5125980739509    	178.491600572356    	
14.8168806015356    	23.5765533230969    	178.493111824596    	
15.5902425064352    	24.5812078143       	178.527882535276    	
16.2978669097418    	25.6247968964287    	178.517411204488    	
16.7613650322035    	25.5138801738788    	178.531992772544    	
16.0865722774698    	24.438158516729     	178.500024894354    	
15.3786768961086    	23.3899206694756    	178.480724863641    	
14.690467937981     	22.2516292732634    	178.488649434377    	
14.0200339210826    	21.1666795566422    	178.484372883678    	
13.3166642575798    	20.1111670173448    	178.481706652923    	
12.6427281936545    	19.0336711208576    	178.498704537008    	
11.9164551904665    	17.9520216851581    	178.50946401099     	
11.2648212164496    	16.8976549836724    	178.519756490667    	
10.56050283127      	15.8238507341291    	178.488383503101    	
9.85793625821492    	14.7704773253724    	178.481356002246    	
9.15195246381921    	13.6897323580547    	178.469855232739    	
8.45332812112991    	12.5893174671204    	178.499320084748    	
7.80965560674587    	11.5412609255509    	178.479219306855    	
7.08552237749204    	10.4933315660647    	178.512522473865    	
6.40649291428114    	9.42312971638123    	178.473167221144    	
5.69639916636176    	8.3041720957287     	178.472540019705    	
4.99412563983886    	7.24193689831814    	178.466519618314    	
4.30536180808286    	6.19070226118373    	178.490952459279    	
3.61656633773652    	5.0638310916883     	178.50085075195     	
2.94644576575435    	4.0021766441232     	178.464318773807    	
2.26835692119937    	2.94147583188635    	178.487397185376    	
1.56379147210884    	1.89910322982171    	178.478411925281    	
0.870479198792876   	0.762387560106881   	178.50644856664     	
0.164424683033406   	-0.291925542179178  	178.470142281017    	
-0.4598763206505    	-1.39558091524905   	178.535285255627    	
-1.14664743747363   	-2.49366954056988   	178.532475676526    	
-1.79668804982894   	-3.53677575817602   	178.497779935769    	
-2.46251724459034   	-4.68477711520387   	178.467469398978    	
-3.13883418484446   	-5.73834381492613   	178.520051534153    	
-3.83439061441726   	-6.84544467287391   	178.515078010935    	
-4.47804978321439   	-7.92054547168586   	178.492951924392    	
-5.12652613452091   	-9.02897013917763   	178.493003457892    	
-5.7601456523179    	-10.1177932954609   	178.502252092332    	
-6.41092295731202   	-11.2068915708878   	178.499747564954    	
-7.0939328346635    	-12.371529501321    	178.502566212519    	
-7.71375861054469   	-13.4703591645844   	178.477232194486    	
-8.34511681765146   	-14.5451566509252   	178.492362219081    	
-8.99008169712012   	-15.6629366925371   	178.502218142421    	
-9.60262046808125   	-16.7674398108597   	178.481343205691    	
-10.2127614228028   	-17.8914977548722   	178.503442981987    	
-10.8536161940174   	-19.0238372917314   	178.474302578704    	
-11.4415764243528   	-20.1419310130003   	178.536595874949    	
-12.0525309746964   	-21.258222077055    	178.498844861992    	
-12.6738323108954   	-22.3935560637706   	178.495914144949    	
-13.2772728486427   	-23.4979266559547   	178.479038411427    	
-13.8744071199935   	-24.6271781663508   	178.501282261274    	
-14.4775650563268   	-25.7646646963256   	178.497793263023    	
-15.0341603953503   	-26.91049578223     	178.492315497398    	
-15.7362856329212   	-27.8585583489674   	178.481724100168    	
-16.7326438288397   	-27.1255977094034   	171.504705634254    	
-16.4324578959444   	-25.9670160061604   	171.488554427597    	
-15.8933635979459   	-24.8293821003149   	171.490340657119    	
-15.3110319524981   	-23.6532925028049   	171.49827494152     	
-14.7807827335687   	-22.5323611000943   	171.490823155789    	
-14.1893665059269   	-21.3933615092365   	171.49483421603     	
-13.6575269104091   	-20.2342029041758   	171.511253128666    	
-13.0534229772608   	-19.1067653371227   	171.503766712416    	
-12.4320416227406   	-17.9737554668664   	171.471177923666    	
-11.8946438924641   	-16.8490002519937   	171.521824478922    	
-11.2229393238368   	-15.7441129520924   	171.484939083126    	
-10.6745263015778   	-14.6166959797008   	171.476441077564    	
-10.0398829710185   	-13.5284138661223   	171.496998789675    	
-9.36682947628695   	-12.4115320451262   	171.516348750438    	
-8.78435018601454   	-11.33049807639     	171.519931343167    	
-8.09644865314136   	-10.2355128489725   	171.479575457998    	
-7.47472084550123   	-9.13644257173786   	171.526544521604    	
-6.79939653469338   	-8.07037197257561   	171.484163226007    	
-6.14418784516218   	-6.95522178027497   	171.497572251426    	
-5.42775751123076   	-5.87409390128352   	171.491904613791    	
-4.74771238264415   	-4.82258241619234   	171.502829475097    	
-4.09034865077655   	-3.72882466236857   	171.499365695426    	
-3.35860547892572   	-2.69352284376824   	171.526704074699    	
-2.7030735588507    	-1.69501052559501   	171.469852506935    	
-1.95864466046104   	-0.590572681989802  	171.477232944626    	
-1.23561613192175   	0.457119787047801   	171.492490030788    	
-0.4813096727271    	1.46436637580582    	171.502066879792    	
0.242899391478146   	2.56104675455931    	171.506431047807    	
1.00261143928413    	3.53741738164237    	171.516994764198    	
1.74744019225213    	4.59558420662378    	171.470359274583    	
2.49849217974378    	5.58226631485974    	171.477962419615    	
3.28617679685512    	6.6147399687699     	171.520901144321    	
4.06311497085853    	7.60826822463871    	171.5298174052      	
4.79891659142052    	8.67173962751371    	171.487533649081    	
5.60988974430469    	9.60663368166056    	171.488888225148    	
6.373754853892      	10.6049760559583    	171.485783787917    	
7.20529385609457    	11.6309135456549    	171.494270426985    	
8.00489103639947    	12.5981124622997    	171.500584094642    	
8.80656011485805    	13.5984426807672    	171.509390251767    	
9.64969042601265    	14.5557355698995    	171.530618281025    	
10.4364256469424    	15.5704373859886    	171.477908882245    	
11.2584869341986    	16.503607157269     	171.503647619937    	
12.1486979622061    	17.4695788365451    	171.489014328143    	
12.9501840107602    	18.4462316147337    	171.476832230373    	
13.8077645777914    	19.392284984844     	171.495488122869    	
14.5776003627188    	20.3302255590683    	171.490527124398    	
15.4650484532937    	21.2894826570231    	171.489718041076    	
16.2926175141816    	22.2327807206864    	171.509421294625    	
17.1193945387778    	23.1854716193102    	171.489748534999    	
17.9456876579959    	24.1204581694136    	171.531524284169    	
18.4611617877101    	24.0794900601326    	171.508729079199    	
17.68619768087      	23.039948380451     	171.475691837441    	
16.945046348382     	22.034929227739     	171.486172296133    	
16.1559920262981    	21.0420094055046    	171.50806172325     	
15.3420186173597    	20.0393589563235    	171.511294726356    	
14.6356657263176    	19.090660438384     	171.49481216008     	
13.8184896169805    	17.9983382935346    	171.480991056771    	
13.0666012409888    	17.0534880089507    	171.508830539212    	
12.2767205723414    	16.0040754721929    	171.513585134906    	
11.489386962803     	15.0335943787679    	171.490478433397    	
10.723992973308     	14.0336635209968    	171.498969093755    	
9.95503429384687    	12.9666294342271    	171.521454402549    	
9.15903427208799    	11.9914520726284    	171.489778294768    	
8.4261064229355     	10.9547305134621    	171.523464425702    	
7.6301957980071     	9.96749605789106    	171.513587155893    	
6.86181758718107    	8.94257263838292    	171.503140962888    	
6.05428973882236    	7.93575050407016    	171.4762941098      	
5.37621114557778    	6.89910772095636    	171.521638759524    	
4.5756363271862     	5.88226000415363    	171.483927386233    	
3.85279187659576    	4.88760077027883    	171.487072666748    	
3.11594639973903    	3.81523832390628    	171.51913310689     	
2.35113449912768    	2.77768800181756    	171.521627498312    	
1.59837188575177    	1.77596123293795    	171.482669516765    	
0.853548363166168   	0.724035407606415   	171.481755588399    	
0.0839407665164465  	-0.304381015583198  	171.484340754844    	
-0.590709778428951  	-1.36142642199919   	171.490469869704    	
-1.32640059958371   	-2.39577078899357   	171.550386678176    	
-2.0453001655894    	-3.42344764176128   	171.486814447593    	
-2.77621505966075   	-4.46378994666509   	171.509306696177    	
-3.47197070558488   	-5.52493121357234   	171.498292727514    	
-4.19601599861766   	-6.64576964676671   	171.493927621645    	
-4.91263823639002   	-7.63351541216711   	171.472348977925    	
-5.5787895532908    	-8.73375377442043   	171.472902608039    	
-6.27296270510769   	-9.77925263787186   	171.501448534514    	
-6.98783024941521   	-10.8624717590424   	171.484625703356    	
-7.66509772761861   	-11.8712900300481   	171.533353541356    	
-8.34376100293517   	-12.9969242441716   	171.501567585111    	
-8.94774461048203   	-14.1011648705906   	171.496148725815    	
-9.62986498365801   	-15.1590147922362   	171.453522848418    	
-10.2854442714871   	-16.2313851714127   	171.526757579708    	
-10.9675780939217   	-17.3398102325194   	171.498030381396    	
-11.6151764593316   	-18.4585949853982   	171.53202062133     	
-12.224819594061    	-19.538066112016    	171.513538828521    	
-12.9043563745731   	-20.6206816205354   	171.53930647432     	
-13.5376027605181   	-21.7661348307646   	171.499440942777    	
-14.1667271484918   	-22.8400224312496   	171.489034677354    	
-14.7802578128356   	-23.9824757639473   	171.480464846881    	
-15.4112865188773   	-25.063543915026    	171.483996876572    	
-16.0104559367741   	-26.1565726545331   	171.498547410421    	
-16.7199066999826   	-27.0990339891969   	171.510336407274    	
-17.7217728793503   	-26.3322335862647   	164.487322815107    	
-17.3575950078474   	-25.2099089940256   	164.525679079       	
-16.8397520317849   	-24.1001636285327   	164.478832855063    	
-16.3002813913482   	-22.9113090011817   	164.507099193248    	
-15.6802762596961   	-21.8008862404361   	164.523591442097    	
-15.1760014496677   	-20.7032010271667   	164.488706586339    	
-14.5712043957201   	-19.5425781818449   	164.491211184487    	
-14.0151181136345   	-18.4457613231311   	164.507249929854    	
-13.3821115256039   	-17.3325288981475   	164.479697168135    	
-12.7665301670075   	-16.232919159177    	164.493334817791    	
-12.0977096468329   	-15.1375431622688   	164.454862775124    	
-11.513585515366    	-14.0706454012903   	164.50479529447     	
-10.8416077922368   	-12.9509106420869   	164.530371412803    	
-10.1547874923276   	-11.8431723004778   	164.498627957687    	
-9.51604129087623   	-10.8436875259616   	164.497315764936    	
-8.85946842744855   	-9.75544382604833   	164.490616449252    	
-8.13293184185148   	-8.65859622507124   	164.490740241       	
-7.48137422307234   	-7.61588480503424   	164.490357849728    	
-6.76959139534378   	-6.59096440733197   	164.483017244189    	
-6.06102177501435   	-5.54488875256073   	164.471994111845    	
-5.31568502582819   	-4.49349654154612   	164.481716451313    	
-4.59165212390888   	-3.47001424811242   	164.476082762773    	
-3.82315474467545   	-2.44624553182114   	164.525337110539    	
-3.05280370400342   	-1.44384126884138   	164.516176913182    	
-2.31526160718449   	-0.440003853201717  	164.487978527648    	
-1.52019427653987   	0.573061691021783   	164.50862963661     	
-0.768460934399661  	1.54510371904403    	164.499392700566    	
0.0554639757443188  	2.53583840172106    	164.490845667464    	
0.824459896145113   	3.50122156616007    	164.511323074843    	
1.63310618097843    	4.50116520436649    	164.521712157999    	
2.44953547544926    	5.46321991588818    	164.501366753088    	
3.30622979133806    	6.39575422435969    	164.520682615579    	
4.129088732795      	7.36494522869018    	164.504111655507    	
4.97215499845726    	8.2994183124048     	164.511787964245    	
5.79871382568969    	9.23929700794147    	164.500597239657    	
6.70582735894208    	10.1458121273646    	164.504695460727    	
7.57963111712608    	11.0635421356057    	164.483366805404    	
8.45621343198194    	11.9970794606097    	164.524652371411    	
9.33998911285467    	12.8445454974614    	164.506387323863    	
10.2499448938877    	13.7446049683196    	164.500361067132    	
11.1389551280213    	14.6122997465856    	164.481505354338    	
12.0266773533728    	15.5037242732334    	164.481637210657    	
12.9504674557197    	16.3714295118313    	164.475063632336    	
13.8840552692468    	17.3079104102903    	164.514415230753    	
14.7886499128271    	18.0837548664891    	164.482922594403    	
15.766480787054     	18.9467170555402    	164.510400761539    	
16.6857110609263    	19.8033359714507    	164.472727103094    	
17.6533906469721    	20.6528788223383    	164.492103684425    	
18.5917491150172    	21.4571902180718    	164.489167622416    	
19.5301800236961    	22.2739586053983    	164.51148514372     	
20.2049939152585    	22.2390658577167    	164.499178856773    	
19.3078019899023    	21.3456183412157    	164.510312717414    	
18.411130399349     	20.4764669940461    	164.51897658256     	
17.5744462324325    	19.5533193628665    	164.502192242674    	
16.6874532646933    	18.6025550959731    	164.524751792066    	
15.7825480757322    	17.7331391765085    	164.487471812531    	
14.9207119816849    	16.7996431485142    	164.515693170121    	
14.0787586847137    	15.8294424112718    	164.481005758797    	
13.2108982670265    	14.9606968248147    	164.494172861611    	
12.3436731533622    	13.9942738844086    	164.489078764635    	
11.5090981583023    	13.0810380549981    	164.522350947178    	
10.6671360424467    	12.1389273084791    	164.488881832243    	
9.81599408233012    	11.2266868173687    	164.472616869555    	
8.95755601005999    	10.2950378023736    	164.483940779013    	
8.12592200428014    	9.34357491319352    	164.51488546788     	
7.32217534081677    	8.37212146613389    	164.48728863142     	
6.45055745943181    	7.41412094331267    	164.490293543668    	
5.65238843669537    	6.4687083541092     	164.523426158472    	
4.82008091112615    	5.51804974301568    	164.504996234308    	
4.01211742640757    	4.53695710325424    	164.497388224772    	
3.1917078035        	3.59207042790781    	164.504402153779    	
2.39567625564268    	2.6034711771123     	164.516515859055    	
1.60305936780187    	1.62150808416802    	164.504431008347    	
0.782198507650009   	0.635288579618613   	164.481102055464    	
0.0194046353106746  	-0.360208640495257  	164.497526839993    	
-0.792074332143371  	-1.32643620750149   	164.491359793074    	
-1.55615464703902   	-2.348308826966     	164.516499422958    	
-2.32024013136766   	-3.30906313967387   	164.50870071425     	
-3.10080812398066   	-4.33327560296929   	164.506485932686    	
-3.85053537971325   	-5.3630106211914    	164.492258063175    	
-4.6063696578796    	-6.36956031027529   	164.53901330886     	
-5.3451062448874    	-7.38835713816816   	164.517475631375    	
-6.06703615078173   	-8.43110199493292   	164.511129525026    	
-6.82086161448492   	-9.43914614122095   	164.486967071925    	
-7.56561788045703   	-10.4733491683046   	164.521879441922    	
-8.24031689880631   	-11.5243807023837   	164.528886810705    	
-8.97662272459974   	-12.5502849507693   	164.483951576864    	
-9.65927693009259   	-13.5971727142758   	164.515270190659    	
-10.3816564203385   	-14.6179193605791   	164.517408859836    	
-11.0516725518442   	-15.7235586577618   	164.491240241722    	
-11.7662537115763   	-16.7994934644824   	164.504622909153    	
-12.4319844327649   	-17.8276198689856   	164.498734330417    	
-13.075507885559    	-18.935665356476    	164.502078786194    	
-13.7729365966365   	-19.9974728570016   	164.503236622051    	
-14.4280228589041   	-21.0517485723793   	164.515562625322    	
-15.1271193246871   	-22.1744700177975   	164.481602181098    	
-15.7034081980898   	-23.2593320687456   	164.494108666637    	
-16.3322738123887   	-24.3195526851678   	164.509071590893    	
-17.0014258277946   	-25.4156722304449   	164.493544118162    	
-17.718611838128    	-26.3689000399627   	164.492974398167    	
-18.7467344155721   	-25.6021019913085   	157.493914945457    	
-18.3857671487312   	-24.5119676752687   	157.503163892823    	
-17.8366014866894   	-23.3855746741837   	157.523880556297    	
-17.2836421535961   	-22.219751240389    	157.515151758829    	
-16.7550586151215   	-21.1368427624886   	157.538644823901    	
-16.1701447781162   	-19.9913743522803   	157.494595020552    	
-15.5460426466797   	-18.9148799551857   	157.49258641051     	
-14.9924264618576   	-17.8206761895825   	157.476212693165    	
-14.3747253035674   	-16.7348218996836   	157.507993233191    	
-13.7042023841202   	-15.6826019433452   	157.484863843761    	
-13.0623212374045   	-14.580448066868    	157.496787225595    	
-12.4479063060018   	-13.5293466018932   	157.527415452494    	
-11.7766045354287   	-12.4854730234339   	157.482181546132    	
-11.0713715769017   	-11.3993245454232   	157.494607139266    	
-10.4286526358484   	-10.3358966374319   	157.497494726082    	
-9.73530152299407   	-9.2658975386348    	157.520182818575    	
-8.99916238906327   	-8.25512048753158   	157.485061309837    	
-8.28572431858923   	-7.25248935989916   	157.503774836552    	
-7.59677727960997   	-6.2455198615982    	157.515419108994    	
-6.84590899103364   	-5.23776189066864   	157.477743376176    	
-6.05155740899149   	-4.24355377470732   	157.533862664876    	
-5.28246249081179   	-3.2595939057305    	157.475740921581    	
-4.504511465638     	-2.30466567373826   	157.51851213586     	
-3.70397789356353   	-1.29549482598862   	157.51195762824     	
-2.89217228883832   	-0.380913701531877  	157.510572752704    	
-2.11381797483399   	0.60320279403427    	157.502413431901    	
-1.28069451158838   	1.53728064604853    	157.501281204007    	
-0.47044515601991   	2.44369440434045    	157.464134946965    	
0.418412789089292   	3.40115179521293    	157.487438316842    	
1.24434862656635    	4.28801849907405    	157.51637306602     	
2.15490527160832    	5.20860647916043    	157.50781196697     	
2.99842902757755    	6.03579084721239    	157.509452361021    	
3.91141253097211    	6.98413382124053    	157.488501446885    	
4.82532500452007    	7.82849355046469    	157.532060848486    	
5.70190512160233    	8.62980287699326    	157.491831250764    	
6.64411230949055    	9.4644426708724     	157.508737387393    	
7.59179215714828    	10.3299100202947    	157.500011719493    	
8.56193434408586    	11.1216172999456    	157.5237246985      	
9.53024039040378    	11.9355870890054    	157.498586644468    	
10.4827619584721    	12.7030289960986    	157.45547604779     	
11.4962854001786    	13.4612951655695    	157.497278399149    	
12.4464622546559    	14.2105609269351    	157.533346058525    	
13.4876485556042    	14.9425906156762    	157.516206850844    	
14.4763960786645    	15.6831111688269    	157.516565936613    	
15.5540379259664    	16.4075813014647    	157.488681614593    	
16.5927115632899    	17.0903409048776    	157.488483672424    	
17.6333859268005    	17.7499293443531    	157.501058749699    	
18.7189129170859    	18.4074372436835    	157.531881301928    	
19.8010832928449    	18.9933562581022    	157.502903606916    	
20.9128460634559    	19.6274616670491    	157.510934033799    	
21.8224601900335    	19.6730591208514    	157.488564651153    	
20.777553168113     	18.9230709845462    	157.489150845641    	
19.8151524332294    	18.1877921103244    	157.502118600932    	
18.8167471985299    	17.4467780606907    	157.488114434814    	
17.8251775973277    	16.6520903463233    	157.504573015068    	
16.8569437271468    	15.837938732164     	157.485838905708    	
15.9328757800909    	15.0518692519176    	157.504293763659    	
14.9264029824529    	14.2410172485671    	157.454442988428    	
13.9704736210429    	13.4235039345702    	157.497759188344    	
13.0377892721192    	12.6467049371265    	157.50042228886     	
12.0731053764053    	11.8242871195066    	157.478807246946    	
11.1979006858961    	10.9571366314718    	157.495211467309    	
10.2328204562658    	10.1501372842544    	157.494863167397    	
9.3551613158748     	9.24518453885553    	157.513034240284    	
8.43045608005218    	8.39162248984232    	157.48413806166     	
7.54823235853169    	7.51782813805245    	157.50520982616     	
6.62293428768285    	6.67317128190596    	157.489037890662    	
5.77693674494387    	5.79278221038669    	157.493482748523    	
4.89010067484451    	4.92294667109218    	157.539861245255    	
4.02451465548086    	4.02050401409084    	157.522843082951    	
3.1501810762142     	3.07155262610784    	157.487388993854    	
2.30337847864833    	2.21074830907237    	157.499977106149    	
1.40390982960371    	1.25905614447306    	157.495483170889    	
0.568098728661271   	0.339847616868558   	157.460408554363    	
-0.275568724755306  	-0.574719587149735  	157.556781930599    	
-1.08463890749067   	-1.53794564231336   	157.506678728975    	
-1.88709631548393   	-2.44308803706837   	157.509035470777    	
-2.69546026676702   	-3.39575034692433   	157.531333780041    	
-3.50338156740526   	-4.35864157255042   	157.492975708524    	
-4.34220920648836   	-5.33990553043317   	157.517486932516    	
-5.12219277603262   	-6.31396803226132   	157.476880382764    	
-5.91454123622612   	-7.26747808386337   	157.502621545685    	
-6.69371941831077   	-8.26917738783527   	157.494894493026    	
-7.42599697359649   	-9.23159424072171   	157.502226547391    	
-8.18674024937063   	-10.2102730791159   	157.483138926094    	
-8.96222986874632   	-11.2210886966047   	157.485203141096    	
-9.68142480449561   	-12.2092831854571   	157.512542656799    	
-10.4312246569688   	-13.2572056419133   	157.483468913464    	
-11.1692647194256   	-14.2702688437384   	157.50170425625     	
-11.8998989873169   	-15.2917593857063   	157.52661764724     	
-12.6090270812699   	-16.2937676811668   	157.531863489218    	
-13.2922673093162   	-17.3463039001147   	157.506238715847    	
-13.9927552829526   	-18.3434702818069   	157.503945514651    	
-14.6875022508307   	-19.438676759975    	157.485516925611    	
-15.3947331933038   	-20.4631725268282   	157.497414119415    	
-15.9870267338759   	-21.5547117686873   	157.518276117682    	
-16.7112736863056   	-22.5982194732339   	157.470826786246    	
-17.3326702184064   	-23.6419197602073   	157.485831931636    	
-18.0027045003375   	-24.6843090843094   	157.492260664873    	
-18.7454526878486   	-25.5911032899379   	157.491667949922    	
-19.7912338139432   	-24.9425555507372   	150.497686678486    	
-19.4169262674054   	-23.8330526539049   	150.526859028459    	
-18.8881029307614   	-22.6534013337851   	150.504137182239    	
-18.331218732386    	-21.5810307531598   	150.459773053802    	
-17.7739721189635   	-20.4668620275958   	150.488025889419    	
-17.2015023206145   	-19.387282079839    	150.487035502629    	
-16.5734724419553   	-18.2886788664253   	150.509239023929    	
-15.9923661681039   	-17.222518089629    	150.49847536496     	
-15.3832360845975   	-16.121673252558    	150.482721590551    	
-14.7422059312391   	-15.051014425011    	150.484537708207    	
-14.1129135855925   	-13.9831868318458   	150.494691758969    	
-13.4410609974473   	-12.9121614293794   	150.47511313019     	
-12.7486589800389   	-11.9024430383126   	150.488628547182    	
-12.0653042172799   	-10.8435722256061   	150.50900434454     	
-11.4162205682975   	-9.80694771704275   	150.500059688074    	
-10.6761824055957   	-8.77644681883628   	150.511192184977    	
-9.98044993246716   	-7.83137204554108   	150.49342608617     	
-9.2263238464363    	-6.8096391655065    	150.518909572625    	
-8.4451274240303    	-5.78996982014835   	150.478657256935    	
-7.72045427945825   	-4.8468718335971    	150.513822396773    	
-6.92049874302038   	-3.85607665728249   	150.494002685106    	
-6.08145605734212   	-2.92218091368509   	150.521379533689    	
-5.28421345392689   	-2.0075450285075    	150.523165916706    	
-4.40901378513116   	-1.08820775576724   	150.535723578822    	
-3.59117071081809   	-0.0838538660880212 	150.518294793653    	
-2.76864937797312   	0.740806176462456   	150.477140973693    	
-1.88872360496474   	1.67876772269524    	150.473970147325    	
-1.00579859450484   	2.52368381275872    	150.473500319216    	
-0.110729869312306  	3.39998747827776    	150.506346359069    	
0.809394216557804   	4.20280656223825    	150.464544050709    	
1.7185183636892     	5.06469700357759    	150.478645180215    	
2.63847149193721    	5.86489997012905    	150.472091683349    	
3.63999275470916    	6.65358964616478    	150.471776474588    	
4.58273126523943    	7.43992863536       	150.476801405113    	
5.55322412229718    	8.18045101076654    	150.483842593495    	
6.55311191885601    	8.9299114226472     	150.508055115357    	
7.5421906912446     	9.65188191194676    	150.517007499599    	
8.60981468954891    	10.3601673143632    	150.49372106552     	
9.65011291698133    	11.0509264403746    	150.481996263962    	
10.6921806069499    	11.7266837448955    	150.51581877805     	
11.7505531043308    	12.3158521635817    	150.497491591495    	
12.7999162415287    	12.9852592708647    	150.488425197933    	
13.9169562075683    	13.5817889609627    	150.470768779732    	
15.0068701313466    	14.0711108276868    	150.517564512907    	
16.1565066735955    	14.6171803209695    	150.489661258614    	
17.3300120053464    	15.0948377972197    	150.488134014593    	
18.4600505691826    	15.5614292434581    	150.468559117535    	
19.6260063638823    	15.9853435410429    	150.516970411472    	
20.8311669950817    	16.3797178236252    	150.509573042885    	
22.0388186987446    	16.696898312111     	150.514403240756    	
23.2258105846368    	16.8554036502943    	150.556299401607    	
22.3884430822545    	16.2243704290403    	150.501385150848    	
21.3008836149257    	15.6012087403879    	150.522147713968    	
20.1880834613681    	15.0697483539399    	150.479191951477    	
19.0788480703359    	14.3961454277883    	150.495807579704    	
18.0076501061353    	13.768248145692     	150.500730185098    	
16.9579109427871    	13.1422407315885    	150.494499885081    	
15.8752117400882    	12.4600241138152    	150.511676882443    	
14.8488677142384    	11.8095898213071    	150.522631148704    	
13.8211623359099    	11.0863191929426    	150.500656743963    	
12.8400410289434    	10.4008127127209    	150.503193941122    	
11.8224504062899    	9.65973357312716    	150.482036936568    	
10.8116852257626    	8.95132491034134    	150.496534892849    	
9.86459124851843    	8.18923040179586    	150.490382592684    	
8.7981403082172     	7.42880618840363    	150.481739416036    	
7.86070855921168    	6.65424577116984    	150.531599284484    	
6.88774257114656    	5.87743738441352    	150.471126323214    	
5.88084192587991    	5.05463474504639    	150.50630672237     	
4.98881068030184    	4.26680842973318    	150.487735148279    	
4.04782919939737    	3.48257831341452    	150.530527203552    	
3.11151829783659    	2.62459472964057    	150.477616589313    	
2.23344612593629    	1.80479977950099    	150.499348883173    	
1.30208437100039    	0.967040337825975   	150.511666200265    	
0.387648145241631   	0.0795262962146272  	150.513277066102    	
-0.507528633922656  	-0.788278954999808  	150.509823375995    	
-1.37251254096321   	-1.6581090983009    	150.528066326447    	
-2.24458786306336   	-2.54401660347916   	150.507717428441    	
-3.11960856771132   	-3.43303777668956   	150.534294780558    	
-3.95715314968943   	-4.34165047676917   	150.480197632403    	
-4.77277308019807   	-5.30968900038756   	150.516805713326    	
-5.63938427439599   	-6.1884868887628    	150.47151172757     	
-6.43095526105073   	-7.10120663929328   	150.510178953388    	
-7.2689225829241    	-8.03758578601383   	150.519410963921    	
-8.07902721729831   	-8.9746706534961    	150.50888979209     	
-8.8296453880648    	-9.9732718770642    	150.488049796515    	
-9.63725420901604   	-10.8793502162829   	150.493615804403    	
-10.4051054838178   	-11.8529114781757   	150.480100990308    	
-11.1812568425882   	-12.8979123508081   	150.502052845641    	
-11.9766591156743   	-13.8295782126511   	150.512336121841    	
-12.7048817659669   	-14.8657737671603   	150.448347600282    	
-13.4642631473155   	-15.848362603379    	150.488002938329    	
-14.1824152234448   	-16.8526398041801   	150.517375289059    	
-14.8809275418787   	-17.8534704524867   	150.507889937532    	
-15.5798922100375   	-18.874686095295    	150.505710470222    	
-16.3149122395737   	-19.9084159445895   	150.481657150232    	
-17.0003394116564   	-20.9094195572216   	150.495237301931    	
-17.7003679244608   	-21.9487088413353   	150.497188746449    	
-18.3721550891863   	-23.0130766608883   	150.472994792006    	
-19.0406128170688   	-24.0757494126518   	150.482751942796    	
-19.7823830022828   	-24.9079211887336   	150.557810440631    	
-20.8257775488878   	-24.3084925820972   	143.507454381294    	
-20.4551775343609   	-23.1920731767103   	143.466578175708    	
-19.9315421801628   	-22.1007730823772   	143.489599045484    	
-19.3952158119303   	-20.9336183485477   	143.48466118252     	
-18.835547620455    	-19.838866619971    	143.469172157645    	
-18.1952611049652   	-18.7623227743841   	143.50735600172     	
-17.5798586340804   	-17.6630695647061   	143.480453726625    	
-17.0016925464161   	-16.5533540309589   	143.509052772751    	
-16.3754259381596   	-15.477949622688    	143.52459786376     	
-15.6998840482132   	-14.408196634501    	143.516453280427    	
-15.0585659478806   	-13.3599543277701   	143.46631312414     	
-14.3697310884593   	-12.3410338928685   	143.517794552587    	
-13.7263908036234   	-11.2893367874016   	143.477204355419    	
-13.0193820743461   	-10.2819513055286   	143.524039961354    	
-12.2642282452428   	-9.2481434759908    	143.511766874325    	
-11.4879747915366   	-8.22582361146624   	143.486488119604    	
-10.7766476244949   	-7.28382450972341   	143.488281004592    	
-10.013062694693    	-6.28850096816461   	143.510590810039    	
-9.21321249257664   	-5.31289791767124   	143.495095883414    	
-8.43414604294924   	-4.34558418347721   	143.528798257005    	
-7.58311969173675   	-3.44051738230478   	143.54052056236     	
-6.81419541384278   	-2.46941604933514   	143.510645695116    	
-5.93876856779686   	-1.58507189541542   	143.504120991725    	
-5.09724346602283   	-0.687233754008319  	143.525300609007    	
-4.20959435510638   	0.200949312962504   	143.484303692591    	
-3.31170681347238   	1.04973056211957    	143.493652711247    	
-2.38394323728741   	1.91833392168523    	143.48636651948     	
-1.49492559597977   	2.76063382383646    	143.49082829054     	
-0.517878752981901  	3.56850889161971    	143.491393841056    	
0.433161045947541   	4.38893345086104    	143.475381852043    	
1.38931464771531    	5.14310301783728    	143.448729359882    	
2.37241734255216    	5.94528662769444    	143.481728230518    	
3.3755516030462     	6.62235512693971    	143.466506528052    	
4.42042748623476    	7.37413036683737    	143.483744791465    	
5.4563826210885     	8.02793362183611    	143.53008927254     	
6.52079010933375    	8.71272531369417    	143.475744602704    	
7.55801268994844    	9.33991111394594    	143.493070884206    	
8.65932871007209    	9.94807418152758    	143.513041493233    	
9.78805457372658    	10.5183478625216    	143.502448772241    	
10.899428585079     	11.0755400425258    	143.522018190457    	
12.0459255342507    	11.5859880589874    	143.515247822616    	
13.177909366285     	12.0658645408373    	143.523438637649    	
14.3691553597374    	12.482692872479     	143.508741797395    	
15.51623394322      	12.8907526581251    	143.484591633482    	
16.7289084456646    	13.1615206176956    	143.473639937369    	
17.9615975351718    	13.4698004974903    	143.493738465272    	
19.1617225593483    	13.7973128731217    	143.480409939503    	
20.3774251232874    	13.926083033365     	143.48993572535     	
21.6242587180899    	14.1114886751062    	143.5066409164      	
22.8777830569997    	14.1687243949814    	143.514804022129    	
24.0947525021536    	14.172603935424     	143.491354651692    	
23.8445221823623    	13.6478057890403    	143.505289305727    	
22.6585300938847    	13.3124912991891    	143.494718656778    	
21.4458796021605    	12.9014940631146    	143.453822187511    	
20.3309328323662    	12.4948838379979    	143.518294240137    	
19.1704182252324    	12.0306025944637    	143.517985799285    	
18.0083005508736    	11.5839693773864    	143.490677355717    	
16.8894047960069    	11.0453594580732    	143.502652771252    	
15.7678380544002    	10.4475501537774    	143.506358237732    	
14.6302390969081    	9.8874746844459     	143.500617626443    	
13.5664498170848    	9.28793384085954    	143.503552565867    	
12.4943412776706    	8.67366550307904    	143.494392851553    	
11.3733141289189    	8.01608438082106    	143.500974619553    	
10.3403912931149    	7.37849949367478    	143.521283492212    	
9.29942285723591    	6.68872952978499    	143.480541664648    	
8.29156652911522    	6.04574295290195    	143.492265535989    	
7.26952781677875    	5.31784566341173    	143.505129775717    	
6.18963136510134    	4.61276217968089    	143.492219601406    	
5.24088988866525    	3.81598581171672    	143.519603216208    	
4.29973135189123    	3.04036487543009    	143.504611036422    	
3.28996215843778    	2.30876106431125    	143.513100421133    	
2.31917349680573    	1.52673480001567    	143.492609933391    	
1.36550243308647    	0.7021862035006     	143.471775633387    	
0.408333356878515   	-0.11255308913646   	143.492601956005    	
-0.549853871475891  	-0.915554436717341  	143.494525760451    	
-1.4518092442648    	-1.74909917298827   	143.512269316827    	
-2.36169224575586   	-2.6041806248117    	143.483824529276    	
-3.26934540404171   	-3.45683496928839   	143.510757369532    	
-4.17944501402924   	-4.3157022139805    	143.499297387121    	
-5.07531888609389   	-5.17253114441741   	143.500086026979    	
-5.96698646527376   	-6.08007432980489   	143.493517438925    	
-6.8120181089968    	-6.95372362946495   	143.50574449573     	
-7.69676081986417   	-7.85170858841723   	143.496994464402    	
-8.48483683180164   	-8.78662740881996   	143.502570094117    	
-9.34309205956259   	-9.68775902916209   	143.486393536862    	
-10.2095355953627   	-10.6368859909197   	143.501316368152    	
-10.9790032393017   	-11.547305762922    	143.482103566934    	
-11.7944906483762   	-12.5034229641493   	143.513663013224    	
-12.6328632339437   	-13.4972063251226   	143.51143833011     	
-13.393922528469    	-14.4118856788201   	143.542927338781    	
-14.1857171242161   	-15.3984140874585   	143.461142384364    	
-14.9532642740673   	-16.3611052438208   	143.479679657529    	
-15.742772202506    	-17.3807421841167   	143.473950403049    	
-16.4559685237191   	-18.3589488562245   	143.476355354544    	
-17.2284014936804   	-19.3956617407537   	143.488553789135    	
-17.90830608328     	-20.3808608640465   	143.495486075542    	
-18.6060920118275   	-21.3762861333334   	143.484169249538    	
-19.341981290485    	-22.4172701161234   	143.522161273315    	
-20.0603535612827   	-23.3942734504737   	143.508749484531    	
-20.8154793065676   	-24.2869495161913   	143.487436557366    	
-21.4721916943776   	-23.4981290203593   	136.54767392201     	
-21.1327841283875   	-22.3881778784962   	136.504712051922    	
-20.5852374149968   	-21.2702284567683   	136.449112820134    	
-20.0486681431855   	-20.1597239867272   	136.516319605697    	
-19.4790837551709   	-19.0419523207024   	136.509084675341    	
-18.8572317139167   	-17.9380142931579   	136.512354683819    	
-18.2442374085313   	-16.8269168962583   	136.461716060554    	
-17.6309333833507   	-15.7691377214376   	136.500964079708    	
-16.9936287255836   	-14.645120049786    	136.519959691053    	
-16.3784468922161   	-13.5961749520896   	136.485961197722    	
-15.6879175815275   	-12.5333184555336   	136.472691201357    	
-15.0044542917592   	-11.548334253324    	136.488187352468    	
-14.3153514333193   	-10.4806026334193   	136.484479285874    	
-13.648162753882    	-9.42097466676789   	136.492894660589    	
-12.8462940481639   	-8.45018415693092   	136.506882957786    	
-12.082482288606    	-7.43281989930969   	136.478532513273    	
-11.3145879817902   	-6.4609486225871    	136.503244858696    	
-10.5255737666079   	-5.5082850682815    	136.514388294976    	
-9.74545931126772   	-4.51822603252486   	136.485523211109    	
-8.95582654442139   	-3.61860393435975   	136.515073331202    	
-8.07778429613203   	-2.688753622456     	136.508018582212    	
-7.2344774332646    	-1.76338361668958   	136.479826374873    	
-6.36424106395884   	-0.918891423272506  	136.495976349688    	
-5.42623457794409   	-0.010211391134732  	136.48569776296     	
-4.49400310706607   	0.86425051242729    	136.47986718551     	
-3.59536930565983   	1.64299536587133    	136.504770365508    	
-2.64049071758591   	2.48754364887588    	136.521480628266    	
-1.66612439013423   	3.2861677492631     	136.501533934112    	
-0.684883108536527  	4.06529701762561    	136.493571797584    	
0.300030582900331   	4.77772016463536    	136.511780039374    	
1.36055675284791    	5.46383916165088    	136.503145383398    	
2.41531251637744    	6.24124163485257    	136.513817923524    	
3.47861433771408    	6.84127194598334    	136.486843971605    	
4.56301350898213    	7.54337950042258    	136.521109192965    	
5.63882802388182    	8.08077174451001    	136.488959777323    	
6.7645044979651     	8.63869662562617    	136.530700554996    	
7.8725635924698     	9.20272261145353    	136.49457893868     	
9.00187011456118    	9.70809924512094    	136.491865518736    	
10.202785885366     	10.1159410967091    	136.526311548563    	
11.3774815941391    	10.5241020048712    	136.48916118104     	
12.5550123045445    	10.9136178276888    	136.516713201654    	
13.7448808951661    	11.2386202937862    	136.518644031774    	
14.9710950314466    	11.4635058280643    	136.501624339285    	
16.2253441797873    	11.734323346178     	136.549578876685    	
17.4459229492015    	11.8877159672456    	136.475011022994    	
18.7055297735948    	11.9403875321142    	136.509778312384    	
19.9492530835514    	12.0105755909553    	136.507250688213    	
21.2094833741282    	11.9868679399472    	136.508501053043    	
22.47022853538      	11.8756886513458    	136.471844900651    	
23.6798044121014    	11.7732257821301    	136.469848071743    	
24.9410137864944    	11.5660939846031    	136.496562793278    	
25.4577077612457    	10.9687378799381    	136.494933257077    	
24.1940565968547    	10.8597217913169    	136.480385252104    	
22.9038487076432    	10.6946152103172    	136.493370269153    	
21.731764018352     	10.4716261588631    	136.507249987379    	
20.5340243859335    	10.1506612096893    	136.528138414       	
19.3108835944981    	9.87060435444902    	136.495560586266    	
18.101568706181     	9.49994542184769    	136.511896860262    	
16.9232385962514    	9.15876463225838    	136.49419170305     	
15.77867347144      	8.71493453052433    	136.51618385295     	
14.5818919168602    	8.26322004590016    	136.502110981071    	
13.4384829550265    	7.77376508764871    	136.491137289969    	
12.3228237904784    	7.26017763216917    	136.519393671481    	
11.1589790995196    	6.680329914637      	136.517348475022    	
10.0734287729842    	6.13205065382054    	136.509746636349    	
8.93253289072808    	5.52258790182973    	136.517188438828    	
7.8583901589314     	4.93124506670465    	136.499450023494    	
6.81165186039802    	4.30150250884954    	136.489296089031    	
5.71201003527387    	3.61405734583826    	136.498158870743    	
4.71240688196785    	2.93557482350496    	136.524709777473    	
3.69636336782115    	2.21370407546622    	136.504361353933    	
2.61384498949454    	1.54128186967962    	136.501006369498    	
1.64392924433842    	0.777529174934757   	136.531142189312    	
0.622997122929942   	-0.0161769187050221 	136.497627447587    	
-0.351276314963991  	-0.716619932707146  	136.524237378716    	
-1.29903092192027   	-1.50210559592924   	136.494551750127    	
-2.28971198103225   	-2.29898989778309   	136.465476747687    	
-3.25948746873483   	-3.09539981445228   	136.533126640666    	
-4.194143543454     	-3.94796066163128   	136.489737541946    	
-5.09408755847202   	-4.78731981829925   	136.508156771514    	
-6.01216630819553   	-5.63431920125036   	136.524744972231    	
-6.92900701023679   	-6.52066951216314   	136.469325543713    	
-7.82886412588911   	-7.37123615369858   	136.479313755081    	
-8.71258205233081   	-8.2600932325465    	136.52217461058     	
-9.59982194020731   	-9.18326969356305   	136.504736928614    	
-10.4703237495948   	-10.0672278425969   	136.496878897272    	
-11.3109466632357   	-10.9960261985116   	136.487265680529    	
-12.1436459990071   	-11.9095729406414   	136.495423331202    	
-12.9724269957562   	-12.861079253136    	136.516142011546    	
-13.7766259927749   	-13.8147817652578   	136.503136079835    	
-14.567235407666    	-14.7412652913555   	136.517578914566    	
-15.4130186776762   	-15.7131704607339   	136.489977932978    	
-16.1802854265434   	-16.6630598376791   	136.512841955292    	
-16.9799641430666   	-17.6320747795411   	136.500896345494    	
-17.7407733956203   	-18.6267894841742   	136.494683039571    	
-18.4914487333201   	-19.6488520311358   	136.497208109657    	
-19.1979997775597   	-20.6320319629751   	136.493244510838    	
-19.9435867767454   	-21.6679925431304   	136.502054427364    	
-20.6754241066482   	-22.6633292127342   	136.465013336088    	
-21.4899521397222   	-23.4891309008799   	136.530525214741    	
-22.0782774507769   	-22.6935104839289   	129.505503348605    	
-21.7394412555386   	-21.5527773921285   	129.48859806608     	
-21.1914880666847   	-20.3916449615681   	129.499311327301    	
-20.6020942367434   	-19.2605228805341   	129.499282922027    	
-20.0368416118519   	-18.1675867698127   	129.507343013866    	
-19.4954518843693   	-17.0295340864647   	129.497106081963    	
-18.9171600853695   	-15.9443562836057   	129.495206169243    	
-18.2870753168692   	-14.7934247409946   	129.495167425575    	
-17.621152275039    	-13.744361980224    	129.502029661328    	
-16.9416772360303   	-12.6723665491678   	129.496367081275    	
-16.3054143669604   	-11.5801444215639   	129.483143174584    	
-15.5690358254009   	-10.5567689906773   	129.520194164988    	
-14.8644237520312   	-9.5181990831292    	129.489382141928    	
-14.1000745327426   	-8.49417166674785   	129.502112461569    	
-13.3891827725979   	-7.49444860691549   	129.484333271909    	
-12.6033604514316   	-6.49021405115783   	129.470598806255    	
-11.7506616694314   	-5.49394502128669   	129.542079156232    	
-10.9623115648719   	-4.54701226654311   	129.469939495332    	
-10.131313726483    	-3.59171756416667   	129.505589396963    	
-9.25571595022484   	-2.6842899724741    	129.494390391895    	
-8.35655408317662   	-1.80892686503126   	129.448907954995    	
-7.48154809408362   	-0.947694666098799  	129.493283637271    	
-6.59281134420088   	-0.0422428345675742 	129.498949203388    	
-5.63832200152313   	0.794368283403319   	129.501549492204    	
-4.67583515549615   	1.61583878955302    	129.479503342124    	
-3.68232473288433   	2.38128965006891    	129.51677872682     	
-2.7091124916108    	3.17521795253049    	129.521028978205    	
-1.62676561929155   	3.89413912571283    	129.473657779513    	
-0.639119158994229  	4.5999773342893     	129.500517216161    	
0.454865077543271   	5.33080801662168    	129.47860419948     	
1.51123797651617    	5.97240079781271    	129.49077664084     	
2.64229810010892    	6.55987096166682    	129.459534695665    	
3.72719671222749    	7.15605122549918    	129.51982374074     	
4.88086742149776    	7.66408058099167    	129.520634094115    	
6.04068821670921    	8.18357264435252    	129.50873508551     	
7.24128597216889    	8.64583681635379    	129.484913381366    	
8.38661870453812    	9.04019061056121    	129.481202892261    	
9.59562546567938    	9.41875648224916    	129.454049771929    	
10.8411657015713    	9.7196468440987     	129.504200791795    	
12.0865536794375    	10.0053686642866    	129.495934225571    	
13.3312256875359    	10.2289726093753    	129.499360342867    	
14.600085245234     	10.3311202092141    	129.500765523445    	
15.8296607535963    	10.4392350733015    	129.502516002734    	
17.0665412202017    	10.450108887833     	129.509645844021    	
18.2932461233761    	10.4977668205861    	129.518729002415    	
19.6094123958865    	10.3623395834521    	129.486785737835    	
20.8906778501348    	10.2083559638251    	129.487775564853    	
22.0971998466954    	10.0112503769761    	129.475491334134    	
23.3372087924798    	9.71434017540679    	129.475747525155    	
24.5570314146465    	9.43891410472701    	129.476737897889    	
25.7608156987803    	9.0555650120147     	129.521154131034    	
26.8921387586897    	8.59037669643669    	129.484935260429    	
25.848460124648     	8.2400002945936     	129.480595132652    	
24.5699926027445    	8.24717330989563    	129.527326591994    	
23.3220900233725    	8.22085253588738    	129.489421567672    	
22.06634882004      	8.16349544844981    	129.485567252319    	
20.8199422034461    	8.01678133330403    	129.507904576834    	
19.5740929437546    	7.83147442323492    	129.538149136899    	
18.3120475030982    	7.63846435256525    	129.509030908858    	
17.0738455342567    	7.39063378972331    	129.488803929628    	
15.8607160238139    	7.04254189265615    	129.515506562546    	
14.6474548300209    	6.7521044781533     	129.499198444539    	
13.4278591425489    	6.36712495229543    	129.45534947699     	
12.224438872471     	5.90678474165273    	129.498892832226    	
11.0432855959854    	5.50478118276422    	129.479820588071    	
9.87588222872609    	5.02636502421161    	129.495594707977    	
8.71394851218799    	4.5643816923988     	129.499367924627    	
7.6189589539929     	4.01390824635888    	129.530716365826    	
6.46133498875351    	3.41140119728311    	129.513605902816    	
5.35173365667785    	2.84019901343727    	129.499149706802    	
4.22258432746116    	2.2119699153556     	129.519682879865    	
3.14929529906432    	1.59781417793939    	129.507269224665    	
2.09040557308205    	0.899425883761086   	129.491274057422    	
1.01958762153594    	0.241789832601172   	129.511476972025    	
-0.0194428886124196 	-0.487030424924306  	129.497670197468    	
-1.03781126090163   	-1.20405256889178   	129.476518459359    	
-2.06527473618234   	-1.96074688061752   	129.490026441774    	
-3.06203725746859   	-2.69557246510819   	129.474783415041    	
-4.02207840288528   	-3.46139615053929   	129.505095613398    	
-5.03436638851559   	-4.28668027727296   	129.505609528087    	
-5.98236405452456   	-5.11829343737754   	129.472883170864    	
-6.94066120869622   	-5.95132741502743   	129.504741774017    	
-7.86857039285024   	-6.79196171503308   	129.478985035978    	
-8.79577327093309   	-7.63203025622955   	129.497375219635    	
-9.72156703430272   	-8.5135306820962    	129.518694984887    	
-10.6198317717737   	-9.39269234075641   	129.515137612459    	
-11.5114553113261   	-10.274505633009    	129.516996362091    	
-12.3933181474433   	-11.1942435283546   	129.485139080347    	
-13.2753755250023   	-12.156569304189    	129.495824249948    	
-14.12269434915     	-13.0071782220639   	129.523268879259    	
-14.9614192856557   	-13.9708493017526   	129.494603167442    	
-15.7650563793039   	-14.942555315899    	129.486061708736    	
-16.6330745383032   	-15.8634540381314   	129.499353075468    	
-17.3846685040748   	-16.8381299175203   	129.521901256915    	
-18.244169157164    	-17.834206026938    	129.46348252978     	
-18.9722016669362   	-18.8115787695146   	129.515890417939    	
-19.7451104385373   	-19.7824278234834   	129.520114491284    	
-20.5716977227808   	-20.7922061818423   	129.51258310533     	
-21.2700962674081   	-21.8251024870349   	129.505831324859    	
-22.0527913081222   	-22.6539275967966   	129.473477873075    	
