-14.7535213050456   	-28.6190504999033   	185.491931043273    	
-14.4383207221406   	-27.4408152070132   	185.512151446233    	
-13.9524744553713   	-26.2853392536702   	185.505266119361    	
-13.4322945817771   	-25.1193400599527   	185.500397896847    	
-12.9014569844925   	-23.9383111602536   	185.508700613431    	
-12.3576262114451   	-22.7782121392925   	185.475938685846    	
-11.7772381567823   	-21.6428320743511   	185.513278924983    	
-11.2787103312035   	-20.4414293768481   	185.522806959566    	
-10.6960226412312   	-19.2709439104272   	185.50072781175     	
-10.1519001669786   	-18.0488576831604   	185.477991512947    	
-9.58945722915646   	-16.9412206354925   	185.496388880778    	
-9.0254916964836    	-15.78181619757     	185.492077777603    	
-8.4795685929595    	-14.613711438007    	185.480317088905    	
-7.90306223204567   	-13.474914440627    	185.509064998679    	
-7.29334970983812   	-12.3060140503879   	185.517445223668    	
-6.75488470169694   	-11.1344751014155   	185.509211264689    	
-6.15866219538451   	-10.0022259377698   	185.534626429096    	
-5.55244735161807   	-8.88374456692138   	185.467763923157    	
-4.98876437122702   	-7.75231980737537   	185.507415239543    	
-4.36495347361725   	-6.59326551918904   	185.498966229315    	
-3.74844537943564   	-5.43706115874992   	185.51124289699     	
-3.19223322331909   	-4.30430552312815   	185.504277338617    	
-2.55561910497419   	-3.17150022632653   	185.493999056455    	
-1.9427941196931    	-2.01821785093516   	185.493751875084    	
-1.36028331311163   	-0.889549369011999  	185.490222219504    	
-0.718538164003443  	0.262757854334517   	185.515181465642    	
-0.0670818005856685 	1.359626849494      	185.491842066703    	
0.506242741260368   	2.48987916617617    	185.504423939479    	
1.16571833559147    	3.58126451303022    	185.536180324905    	
1.74855977727281    	4.74202236595984    	185.500405605825    	
2.43491472646993    	5.84787535234518    	185.541058651335    	
3.09702002792213    	7.00670747303855    	185.497079305318    	
3.70709634996402    	8.06867508356802    	185.476565040084    	
4.35244682137353    	9.19413835027305    	185.503989467296    	
4.98259457643284    	10.3009198061543    	185.50228173518     	
5.64615912771091    	11.4496259471766    	185.521693759874    	
6.30020703776923    	12.5486914691829    	185.483848092546    	
6.94021736320202    	13.6560906757949    	185.516299424134    	
7.58954848203966    	14.7953365736872    	185.50655663619     	
8.26559276751347    	15.8943471267251    	185.51981773449     	
8.87776793637688    	17.0555333881254    	185.525203996136    	
9.51869456982787    	18.0930526977149    	185.477511584865    	
10.1606922619392    	19.2338738619659    	185.503227166522    	
10.8512894530922    	20.3435154699455    	185.485777480721    	
11.5075580291122    	21.470639248835     	185.488539965732    	
12.1214644588468    	22.5856328492287    	185.490093139754    	
12.7680583863897    	23.7007727252539    	185.531396263242    	
13.390427788914     	24.8219929342932    	185.481936909016    	
14.0310838321831    	25.9491378621648    	185.521195408337    	
14.6837237990173    	27.0354844011266    	185.498821565733    	
15.0645313309615    	26.9254781624262    	185.504991529151    	
14.4237926562348    	25.758896670962     	185.504485053554    	
13.8964893915797    	24.6236141657149    	185.498739384155    	
13.2913144032209    	23.4924485477064    	185.490401428122    	
12.7056177475575    	22.3065388294536    	185.514597441321    	
12.0943779729419    	21.1521486018795    	185.492299952536    	
11.4672007003506    	20.0531017878507    	185.482437763049    	
10.8856657288477    	18.8857390463751    	185.489986281648    	
10.2700012585176    	17.8100151988692    	185.497586632768    	
9.68579798267293    	16.6578396569629    	185.503105715156    	
9.04991259276487    	15.5166717983002    	185.497242435729    	
8.4712217490492     	14.3436893010244    	185.488192872179    	
7.82112632135204    	13.2362220906074    	185.507972996269    	
7.19778621660821    	12.1441228701495    	185.475726239533    	
6.57592309856397    	10.994862509671     	185.509298368815    	
5.92763191028882    	9.87716774595064    	185.486313145929    	
5.3091847291417     	8.74378960903667    	185.501883204788    	
4.67113355194241    	7.60838828215643    	185.513696770011    	
4.07092645839408    	6.46837388076265    	185.482318132753    	
3.40355483147599    	5.36075492393699    	185.548930616979    	
2.78508549779216    	4.25785714818076    	185.552162898464    	
2.15942747000614    	3.1126570826497     	185.534067554429    	
1.55311056439096    	1.97770310311735    	185.504672197318    	
0.914461284684606   	0.831541568174533   	185.515725567558    	
0.307661486859063   	-0.219531407522542  	185.484803940166    	
-0.337423030487039  	-1.36353101893616   	185.528086900342    	
-0.951310586271538  	-2.50168048572185   	185.473022112685    	
-1.56888627196292   	-3.65290891660339   	185.498650916809    	
-2.20037834953325   	-4.76088095131604   	185.471881737559    	
-2.85228944926125   	-5.90999220306222   	185.509804367921    	
-3.40230450890774   	-7.04622869288853   	185.500684966493    	
-4.03216437416312   	-8.18943708937947   	185.499071036827    	
-4.66137604422655   	-9.30931977730001   	185.49772217353     	
-5.25801254848781   	-10.4315391197326   	185.503797002822    	
-5.87927241471339   	-11.6213878550366   	185.52480313685     	
-6.43716273565325   	-12.7507131355581   	185.503116259745    	
-7.06751166731924   	-13.8632749915993   	185.489702288204    	
-7.67337315679551   	-14.9924312233745   	185.517697959219    	
-8.2199778760783    	-16.1631575470201   	185.500837528891    	
-8.85167319519106   	-17.3383647790522   	185.48584884887     	
-9.44130354006138   	-18.4315479547416   	185.495376902105    	
-10.063320793963    	-19.6120044963935   	185.523420340631    	
-10.6262079028957   	-20.7443075010071   	185.495228618853    	
-11.197104253412    	-21.873471678382    	185.51202815979     	
-11.7998754901952   	-23.0383114132731   	185.479457775104    	
-12.3304438994627   	-24.1462735087055   	185.490861097243    	
-12.8789873872606   	-25.3338020742305   	185.527192601645    	
-13.5020242642927   	-26.5051152726667   	185.498502044659    	
-14.0659776993578   	-27.6619907118987   	185.510470005987    	
-14.7589859349779   	-28.6360118481209   	185.487001476879    	
-15.7616374332401   	-27.8731747928142   	178.500483736804    	
-15.4405181754279   	-26.7451168485911   	178.507956990419    	
-14.8968356017252   	-25.6151567758121   	178.536017984636    	
-14.3591218489757   	-24.3826777798671   	178.471748097213    	
-13.8126994180641   	-23.2569737799866   	178.519039908589    	
-13.279143308331    	-22.0809918822295   	178.497050316429    	
-12.6983750836529   	-20.9394133625595   	178.488279045282    	
-12.143484566818    	-19.7827913528231   	178.469284178158    	
-11.5586089057041   	-18.617855585324    	178.493760057992    	
-11.0057828682541   	-17.4931141001624   	178.46240809043     	
-10.4350533387378   	-16.3618189347264   	178.50539583043     	
-9.82861513716288   	-15.2194057966287   	178.508502754341    	
-9.28823624021549   	-14.0981272375158   	178.460719479542    	
-8.60565603041396   	-12.9399276433386   	178.505723662505    	
-8.05931412465777   	-11.84905257422     	178.492837381495    	
-7.41969752215004   	-10.7140776586881   	178.535563704452    	
-6.82087291073965   	-9.56664406046649   	178.492104739373    	
-6.18182651953837   	-8.50922121554731   	178.49837737343     	
-5.55197229828963   	-7.38039681235073   	178.467272977894    	
-4.92358824032174   	-6.27811615033209   	178.501948313594    	
-4.28671031741415   	-5.16162977029939   	178.447304386163    	
-3.6176688601115    	-4.05898575056057   	178.490496013604    	
-2.97691723273708   	-2.94057105894553   	178.490008696715    	
-2.27819443276373   	-1.90678692755593   	178.465735127629    	
-1.64249848584976   	-0.79357188322532   	178.510943608193    	
-0.969857155803618  	0.269814063051358   	178.477688307267    	
-0.248193829274815  	1.4084583066493     	178.49868762925     	
0.402777454754946   	2.46448615543857    	178.466106082144    	
1.06650864449092    	3.57439768825465    	178.479508084792    	
1.7469279509435     	4.63327477381108    	178.522249180443    	
2.46133928838986    	5.70962827619613    	178.492989029692    	
3.13801382057938    	6.75621983150108    	178.494680870128    	
3.8751557653142     	7.84726981270012    	178.464624260694    	
4.57658185844822    	8.86904205170532    	178.525519296548    	
5.27543220692059    	9.97253624905473    	178.503186824512    	
5.99402893145704    	11.0086449595766    	178.501415754807    	
6.71975511412804    	12.0567927870539    	178.486651939497    	
7.41577895631462    	13.1151269667289    	178.485290711213    	
8.18606320726634    	14.1684692302051    	178.517720471606    	
8.90931837641408    	15.2157223058529    	178.489692799421    	
9.67234259079736    	16.249452508753     	178.503173735785    	
10.3754436744322    	17.3097934374769    	178.507484235391    	
11.1197557747327    	18.3727876117126    	178.506853023471    	
11.8758633196638    	19.4023332545383    	178.518237542196    	
12.599761914648     	20.4880157228159    	178.51179352705     	
13.3642550190147    	21.460154833507     	178.496158505766    	
14.0786861554216    	22.5295750511832    	178.488832245989    	
14.8487173659195    	23.5936577200077    	178.523074770574    	
15.5666011093793    	24.6141812956311    	178.482670968284    	
16.318857205741     	25.6483647514359    	178.480332955572    	
16.773756248272     	25.5040222191381    	178.490657253428    	
16.0948328617892    	24.4284081201039    	178.50642456343     	
15.3893784606862    	23.357434253686     	178.485724483729    	
14.7064351119845    	22.2331015927646    	178.467343729644    	
14.0100837086813    	21.2234933349652    	178.453018881693    	
13.3587373346329    	20.1277228176613    	178.502389663558    	
12.6279477244569    	19.0380709369805    	178.5008051235      	
11.951896150561     	17.9927881785699    	178.495353449272    	
11.2612385339007    	16.9070690681608    	178.512445572474    	
10.5605864791294    	15.8200824133567    	178.489944623675    	
9.85492629151036    	14.7406734068984    	178.497347520615    	
9.18142976056439    	13.6821861823831    	178.531313348407    	
8.45797134353235    	12.6187772790731    	178.514663141723    	
7.80600261162884    	11.5357456324344    	178.519355305547    	
7.10530923274763    	10.4843523139464    	178.506401309813    	
6.35764904631241    	9.38607716899481    	178.506135617662    	
5.7385043775327     	8.33755322338866    	178.490811986483    	
4.98054967709698    	7.21987691561166    	178.533329861234    	
4.30458661143262    	6.13563376383567    	178.520372597852    	
3.61066242675677    	5.08828467907825    	178.508450730338    	
2.93673970379542    	4.03034641378712    	178.483874279959    	
2.27788652182361    	2.92562095997897    	178.47420464951     	
1.54796188779001    	1.82576619368964    	178.506977454781    	
0.895765536501729   	0.753874358707863   	178.505907684358    	
0.155694421905561   	-0.316166054364075  	178.518557396178    	
-0.476723148070144  	-1.3881017738538    	178.488611927995    	
-1.14545879442795   	-2.45740722643132   	178.494056676019    	
-1.81339552259667   	-3.54990796945705   	178.483496207177    	
-2.46479786533747   	-4.67455227644052   	178.509675303292    	
-3.15028248666326   	-5.72822165999789   	178.510659089414    	
-3.81348509943495   	-6.85228681269978   	178.486360079522    	
-4.44569000664907   	-7.95150623623847   	178.519130166624    	
-5.11333187935181   	-9.05350944491564   	178.477216363832    	
-5.79673553468067   	-10.1360447482591   	178.491191596471    	
-6.43130949968346   	-11.2060882560401   	178.5001565709      	
-7.05794915172122   	-12.2926761985608   	178.51562320729     	
-7.70785793878341   	-13.4399338603985   	178.462660698018    	
-8.34273837566243   	-14.5666751398927   	178.475188079438    	
-8.93138021517631   	-15.6603557196547   	178.473896306311    	
-9.58491363496581   	-16.763705513014    	178.534659477498    	
-10.2040705553204   	-17.9021618468979   	178.474772578172    	
-10.8361810110706   	-19.0272935118482   	178.505430069477    	
-11.432695929958    	-20.1553223689599   	178.487797086082    	
-12.0925955040513   	-21.2880963500016   	178.477631636674    	
-12.6498384898706   	-22.3994734628289   	178.445846676691    	
-13.2482982980794   	-23.5052674793703   	178.479991907775    	
-13.8562178097684   	-24.6501703609247   	178.475146209352    	
-14.4562183452858   	-25.7753809369333   	178.47613840831     	
-15.0198984919839   	-26.9300311410528   	178.490535182057    	
-15.7277699396433   	-27.8732111642127   	178.523937720969    	
-16.734133089749    	-27.1351616257584   	171.506989363555    	
-16.4000682983621   	-25.9690045304707   	171.498133485291    	
-15.8899510811484   	-24.7949941270863   	171.523220964459    	
-15.3027992465633   	-23.6758583661082   	171.49793676754     	
-14.7260233803276   	-22.5368264998606   	171.473009243763    	
-14.2050627575904   	-21.3582643418192   	171.49390378597     	
-13.6198806236822   	-20.2830813909673   	171.49300542814     	
-13.0593658821295   	-19.1294902741908   	171.522895626192    	
-12.4782012011092   	-17.9594701879799   	171.490154378191    	
-11.8957982156645   	-16.8891393098585   	171.496977800987    	
-11.2954335869242   	-15.7525649164177   	171.499444812121    	
-10.6212567017104   	-14.6296612501714   	171.510539994421    	
-10.0498730651293   	-13.5218447724725   	171.542812932029    	
-9.41264047853666   	-12.4188164812022   	171.48983924768     	
-8.77105665555669   	-11.3235153813143   	171.498154773059    	
-8.06751840881248   	-10.2298924266677   	171.502151566856    	
-7.47643407927682   	-9.14494903244533   	171.494044290605    	
-6.82107404019486   	-8.04802135426544   	171.499928320687    	
-6.13240156641495   	-6.98882580184057   	171.501509530017    	
-5.46275970680026   	-5.85121126621278   	171.480975364212    	
-4.76325087513658   	-4.84872563107383   	171.457294782897    	
-4.07169241420586   	-3.75828928643262   	171.518277285289    	
-3.36482598846627   	-2.69122002935359   	171.48340329023     	
-2.65722047886802   	-1.65420277571063   	171.508194595166    	
-1.94912649108816   	-0.594114612978526  	171.46266060528     	
-1.25232337091307   	0.446157155081136   	171.509544805192    	
-0.492673219368354  	1.50763524674682    	171.53232112566     	
0.286563945053618   	2.51839187642657    	171.55269494639     	
0.983159494113157   	3.56184149408023    	171.503677598372    	
1.76452894024922    	4.56937579850059    	171.509115666855    	
2.5418850651666     	5.61627374717215    	171.522543170464    	
3.23845078141755    	6.59280607205443    	171.501820482553    	
4.04668438858984    	7.61336132002965    	171.506192544902    	
4.81130547484713    	8.63256614519897    	171.493507954336    	
5.62625962393876    	9.63744372146388    	171.491486356935    	
6.38906621950305    	10.5908001620542    	171.494595806489    	
7.23167939842132    	11.6094205743095    	171.494579645947    	
7.97277506411879    	12.5984866102957    	171.508943714321    	
8.80911728020364    	13.5936963167601    	171.526857524084    	
9.65423160779302    	14.5517433398393    	171.480970223449    	
10.4325333352398    	15.527400603339     	171.498311182363    	
11.2512687535656    	16.481410216993     	171.530428013643    	
12.0969724715968    	17.5091640803287    	171.501894211282    	
12.9461887484417    	18.435959685703     	171.504792862113    	
13.7470966695758    	19.4024026528028    	171.484349427992    	
14.6317765125366    	20.3357350087863    	171.491076882348    	
15.4713446436868    	21.3177102585011    	171.472762253607    	
16.275200485533     	22.237608515912     	171.494143481378    	
17.1339086568976    	23.1801458222573    	171.483249797601    	
17.9743006124525    	24.1217806874597    	171.490948409424    	
18.4716828039167    	24.0990113457477    	171.488135538343    	
17.7017492201366    	23.0850747873764    	171.505193843544    	
16.9469475766814    	22.0283621178781    	171.49014086477     	
16.1944535820566    	21.0489752015527    	171.545242648941    	
15.3801564447992    	20.0970916299404    	171.52254112341     	
14.5926502905966    	19.0395374704166    	171.487805329946    	
13.8325860744931    	18.0411681621362    	171.496395935087    	
13.0334138789536    	17.02756190892      	171.500950231375    	
12.255415929332     	15.9944190446692    	171.517754570434    	
11.51197646582      	14.98196628534      	171.496611045223    	
10.7030104254973    	14.0059553439724    	171.517858187027    	
9.91974862500804    	13.0067680761873    	171.512921336694    	
9.15650562332987    	12.0108127194165    	171.495810975678    	
8.39773737972697    	10.9859065171971    	171.472837844675    	
7.65531740720272    	9.94890197714251    	171.521115839765    	
6.85578765419172    	8.93580302883286    	171.513467841946    	
6.12461325501264    	7.91931010761525    	171.504192761834    	
5.34535569038419    	6.89555346677097    	171.514311076116    	
4.55755366247691    	5.87025025754468    	171.509020659405    	
3.84478408504587    	4.86950101675093    	171.514473284728    	
3.10539199055345    	3.84482226845084    	171.492210469933    	
2.36015580900108    	2.81573815427341    	171.489691896915    	
1.57250420177412    	1.78383861839725    	171.484516603681    	
0.866190338466012   	0.737288834308348   	171.461085741381    	
0.144798843664716   	-0.321583682908581  	171.533731171831    	
-0.593581028418568  	-1.3827061935331    	171.491738622555    	
-1.3212874850263    	-2.4315397002832    	171.511920185122    	
-2.07283388917437   	-3.44191455392826   	171.497652990292    	
-2.75529933672273   	-4.45567701605318   	171.50475704182     	
-3.44448233226512   	-5.52254771193676   	171.471500434508    	
-4.19258586106097   	-6.57405954140977   	171.470167406923    	
-4.88729858505785   	-7.6713889861789    	171.513083051303    	
-5.61888632658764   	-8.70770436603553   	171.51684101423     	
-6.30996003519299   	-9.76603873073362   	171.499100354892    	
-6.95570747985138   	-10.8650424758913   	171.500575575199    	
-7.69052254211032   	-11.9077659214428   	171.48981149532     	
-8.31652219110429   	-12.9969713262556   	171.475939722925    	
-9.00677609064047   	-14.076011327311    	171.49402285445     	
-9.66869663177726   	-15.1466849886362   	171.507802148653    	
-10.3030588597151   	-16.2459720588004   	171.493912567732    	
-10.9313221097774   	-17.353513539081    	171.502460350969    	
-11.5757842683518   	-18.426802892621    	171.480098195251    	
-12.3205310022326   	-19.4863226351356   	171.500891104825    	
-12.8785498058259   	-20.6453612014345   	171.50035300982     	
-13.5804359581754   	-21.7179494426895   	171.519142746436    	
-14.1562939446222   	-22.815222267886    	171.51051338764     	
-14.7767024361009   	-23.9476747625335   	171.521020764844    	
-15.3791703581864   	-25.0560413594069   	171.516385927913    	
-15.9714918283765   	-26.1727736566994   	171.486152836122    	
-16.7272388338362   	-27.0912789087085   	171.496709688254    	
-17.7319949077989   	-26.354111660055    	164.497337349438    	
-17.4005478169002   	-25.1945033694035   	164.517075067014    	
-16.8622476127681   	-24.0652608218996   	164.5090528909      	
-16.2478452414763   	-22.9290966098886   	164.511975438707    	
-15.7311042096469   	-21.8005748650912   	164.518031471573    	
-15.1240611618778   	-20.6722891916525   	164.503885069597    	
-14.5851920045825   	-19.5699612526765   	164.491220931567    	
-13.9770518182943   	-18.4237878124582   	164.490560589319    	
-13.3716750697739   	-17.3212032368278   	164.508516140378    	
-12.7840128835739   	-16.2437330561066   	164.496733567693    	
-12.1242083014722   	-15.164806912973    	164.50696862625     	
-11.4785391301695   	-14.0252052656542   	164.505391735761    	
-10.8623787337582   	-12.9432437653959   	164.487563552894    	
-10.1843696049699   	-11.8776111629331   	164.477765561644    	
-9.56067708400078   	-10.7867550084845   	164.501668568239    	
-8.83977697066662   	-9.75436669991392   	164.51010097319     	
-8.19683059373712   	-8.64956742047906   	164.50575532203     	
-7.42641576076798   	-7.61921707559883   	164.514838421278    	
-6.76167393636779   	-6.56086769809037   	164.496314827094    	
-6.03228262977819   	-5.53361903315119   	164.517405104872    	
-5.32308621464913   	-4.53515338790757   	164.52020949506     	
-4.57172759414509   	-3.45000226398436   	164.511730553645    	
-3.82491277429314   	-2.42846059897333   	164.488355113206    	
-3.07190362914402   	-1.42648069906762   	164.504187167397    	
-2.25969660560789   	-0.427651701820242  	164.494522257931    	
-1.53363979771637   	0.577384301567367   	164.513090339686    	
-0.731031699059512  	1.57279098725496    	164.486194066503    	
0.0211189385467792  	2.50092970239346    	164.482569347565    	
0.821109533898649   	3.53251689656227    	164.478269533416    	
1.69091544815956    	4.53185497662423    	164.534352365476    	
2.47158666434807    	5.46989605522728    	164.50752081913     	
3.29331970884183    	6.44372088529053    	164.523885994568    	
4.09570352834115    	7.35560962831494    	164.512863552293    	
4.98614911264436    	8.3179738423478     	164.518927872929    	
5.83881213392288    	9.23254070892301    	164.485444397881    	
6.6701997583018     	10.1754386304858    	164.529720213562    	
7.56885273005408    	11.0791206030015    	164.496096812607    	
8.43550612325485    	11.9709203828476    	164.484677609416    	
9.31042510870296    	12.8853093530402    	164.505009981255    	
10.2371285557185    	13.7986671158226    	164.481892411167    	
11.1533473320685    	14.6279718272539    	164.502187617265    	
12.0176443751205    	15.5064222000578    	164.497171515562    	
12.945710082505     	16.3814257131572    	164.512365279818    	
13.88231837864      	17.2460730681459    	164.497479719191    	
14.805238696401     	18.1181451448596    	164.485887855407    	
15.742576992541     	18.9518889989111    	164.469538079538    	
16.7158382273474    	19.7962248644063    	164.540949918771    	
17.6163795181862    	20.6228652221254    	164.471279068624    	
18.5615870168858    	21.461903801133     	164.497125173064    	
19.5745981326787    	22.3308320252422    	164.507102880182    	
20.1934064717125    	22.2467689240732    	164.500509921478    	
19.2786159034371    	21.3631856609549    	164.530895190137    	
18.429151216956     	20.4885370136183    	164.511326391715    	
17.5739369094675    	19.5412972501936    	164.488094741981    	
16.6341264875921    	18.6069479653117    	164.498856334368    	
15.760714262443     	17.7166057180843    	164.522534344724    	
14.9479373571582    	16.8056680566233    	164.484400080825    	
14.0887275806552    	15.8883775703183    	164.520685283544    	
13.1993318708768    	14.939069196164     	164.493079082716    	
12.3562910455687    	14.0105443525486    	164.496245519325    	
11.5029574835334    	13.072376783405     	164.51914398672     	
10.6873366663292    	12.1623392767881    	164.505674364675    	
9.80814563536195    	11.2322106632776    	164.516960992341    	
8.98892082254883    	10.289149250466     	164.477287028969    	
8.11530459297821    	9.32375610750664    	164.481903419365    	
7.35357654116084    	8.37499189541611    	164.480766961981    	
6.49250222812064    	7.42746364622686    	164.482946296426    	
5.6581194287838     	6.48568039830738    	164.512573090472    	
4.84842273482781    	5.51761019493241    	164.520015721975    	
4.00459518468312    	4.53869736890854    	164.482828396612    	
3.20725703333545    	3.55368713052275    	164.524396271252    	
2.39009746443877    	2.62873612279974    	164.499650259978    	
1.610306232342      	1.61393783206898    	164.505618590728    	
0.815142668289513   	0.61902216275357    	164.49750511138     	
0.0273349990872989  	-0.375447846144617  	164.486725835656    	
-0.767806757482923  	-1.35445768245366   	164.496391026422    	
-1.53914505902782   	-2.35097611823445   	164.483306623634    	
-2.31840164062515   	-3.34191572925288   	164.512475414107    	
-3.1108765372385    	-4.32260916646885   	164.514763636516    	
-3.85563376883226   	-5.33003994671233   	164.53841835498     	
-4.56390911547262   	-6.35579146374373   	164.486293978106    	
-5.34729569460563   	-7.43605082908325   	164.480292847629    	
-6.07439831752381   	-8.40842819073265   	164.525777855974    	
-6.83785616939659   	-9.44977630442789   	164.508044445993    	
-7.52600349126415   	-10.4849549020103   	164.494773793262    	
-8.2618121153424    	-11.4987553818788   	164.538740750881    	
-8.9788602257814    	-12.5552853174297   	164.501602836099    	
-9.67454127238788   	-13.604415253386    	164.495445070358    	
-10.397489216242    	-14.6476668598611   	164.507063280393    	
-11.0784965350974   	-15.7744429592194   	164.496464206646    	
-11.7442359650853   	-16.7293657750856   	164.523323301694    	
-12.4246324500758   	-17.845512982558    	164.511328237079    	
-13.1113086447647   	-18.8836124950262   	164.548960506629    	
-13.7759290079625   	-19.9986063888022   	164.501122488526    	
-14.4258541990952   	-21.0332680422673   	164.547020269902    	
-15.0672332983348   	-22.1501980280887   	164.454740796472    	
-15.7209733988853   	-23.2307984910442   	164.487273214352    	
-16.3442409606852   	-24.3572589475148   	164.502733185949    	
-16.9748098154473   	-25.4313503844728   	164.507710372619    	
-17.7363670304622   	-26.3330172587049   	164.505602025018    	
-18.7200614256741   	-25.6255473727247   	157.518532388452    	
-18.3776739255819   	-24.524017771061    	157.53067114874     	
-17.854938987316    	-23.4047665537064   	157.536646510186    	
-17.2791331591727   	-22.2955691971748   	157.506003100013    	
-16.7291904201279   	-21.1540040793161   	157.48652243965     	
-16.1648228609625   	-20.0411745993617   	157.473799217335    	
-15.5962693595422   	-18.9071072917885   	157.505543512247    	
-15.0094638271562   	-17.812894554575    	157.496900178295    	
-14.3588977902378   	-16.7211848483288   	157.494097182674    	
-13.7195941826262   	-15.6360809342052   	157.486320946227    	
-13.1013690586269   	-14.6060862956486   	157.472436725036    	
-12.4552562460881   	-13.5123191739347   	157.482961156967    	
-11.8067225912776   	-12.4415868969054   	157.517513478835    	
-11.1144485160182   	-11.3730788857351   	157.526414645503    	
-10.3811269636067   	-10.3519589754926   	157.487373290311    	
-9.73210939949952   	-9.32167916679051   	157.529965641087    	
-8.99394453657095   	-8.2739903385073    	157.495044310288    	
-8.31098918793696   	-7.23646804230861   	157.511838593009    	
-7.55784176241712   	-6.24175139831693   	157.466417878573    	
-6.81934167720661   	-5.22174952638321   	157.457139204255    	
-6.05796960926404   	-4.24730776642581   	157.503736361839    	
-5.29326782470785   	-3.28276607613377   	157.482042145451    	
-4.51888610585367   	-2.31602404281326   	157.506947146099    	
-3.7440992855906    	-1.31236440510973   	157.50093901827     	
-2.9211556251897    	-0.349702964343463  	157.496564045196    	
-2.12032170613011   	0.583265365105013   	157.522556245228    	
-1.26957774464793   	1.51678609958208    	157.484453556447    	
-0.447676682438104  	2.44534908766836    	157.53127022057     	
0.394775388808553   	3.37423176575107    	157.49058958213     	
1.23955713963895    	4.31404818196395    	157.523429720609    	
2.11365942149251    	5.1964064806919     	157.50351696377     	
3.0114151241093     	6.07304862669109    	157.501533051743    	
3.92399758869599    	6.94277708027973    	157.488693061893    	
4.80837660947295    	7.78028165517129    	157.490616683645    	
5.74093838527419    	8.67629106678797    	157.494533568836    	
6.69600132687544    	9.49503864007906    	157.503550176736    	
7.60883495849764    	10.3348448950084    	157.512941749954    	
8.59145268534819    	11.097232117357     	157.499495263875    	
9.52539434280375    	11.9197437772523    	157.516296375576    	
10.4679808719078    	12.7243410900524    	157.502890833803    	
11.4605132704377    	13.4614202261867    	157.500454184074    	
12.4706118209172    	14.2224805761289    	157.498796547465    	
13.472105611491     	14.9398796748264    	157.498298972458    	
14.5270564010471    	15.6433015808457    	157.503945287161    	
15.5316322448926    	16.4092529820126    	157.475068448527    	
16.5970540422769    	17.091436273708     	157.450463833891    	
17.6551195655271    	17.795935953591     	157.505780996776    	
18.7075656156568    	18.3917981546545    	157.490727977049    	
19.7782573685038    	19.0321574001473    	157.474139701894    	
20.8341389945804    	19.640741147048     	157.525899113888    	
21.7879883381664    	19.6731132170782    	157.464597962994    	
20.8179433698433    	18.9188781293013    	157.540349544672    	
19.8219737801878    	18.2256340817536    	157.523309049807    	
18.8172720559658    	17.3783923075064    	157.4571336114      	
17.8482483692694    	16.6027783156842    	157.523355963329    	
16.8478471276709    	15.8599031485867    	157.500429829484    	
15.8936465979473    	15.0368691360888    	157.554023961298    	
14.9367755515727    	14.2628859329498    	157.485078799719    	
13.975798479509     	13.4446990873051    	157.48351017324     	
13.0522472526617    	12.5994941932853    	157.49973726633     	
12.157223064341     	11.826880497737     	157.50325639543     	
11.1856847702518    	10.943167172353     	157.494603627092    	
10.2378322766982    	10.0911694148272    	157.506891167076    	
9.35038559017354    	9.25938916529415    	157.491899452468    	
8.45322891998866    	8.38350370836467    	157.453165728595    	
7.52588316053495    	7.53277866477708    	157.520818268748    	
6.62839009129987    	6.67007937068501    	157.530812021189    	
5.74892832390066    	5.7746461341949     	157.479324863762    	
4.87836013459499    	4.88466477623136    	157.485767421493    	
4.00144443870314    	3.98630344032053    	157.489905052595    	
3.15030692123353    	3.0585152774134     	157.507838799562    	
2.2657500832637     	2.18897663246139    	157.533618873504    	
1.41412780346869    	1.26060221391285    	157.520024155019    	
0.580670199008464   	0.324045889033278   	157.514064763237    	
-0.266010067739392  	-0.57926346421564   	157.485793946222    	
-1.07682371729682   	-1.50660444469308   	157.510598485309    	
-1.93177055175973   	-2.44056669177003   	157.494385278526    	
-2.72543279890567   	-3.42000567667884   	157.491067961731    	
-3.5301887625552    	-4.40590682993581   	157.495993188775    	
-4.32423545140273   	-5.3327443394333    	157.492265232556    	
-5.13600757350632   	-6.25486967097399   	157.504796584172    	
-5.88955148779242   	-7.23467103489842   	157.468810979813    	
-6.70393367560948   	-8.23828229675359   	157.503172454588    	
-7.45072387592815   	-9.21211959345454   	157.490245642766    	
-8.20856442226038   	-10.2352173308509   	157.509244362127    	
-8.95272825302176   	-11.2211801617806   	157.482062660023    	
-9.68267901690881   	-12.241823840992    	157.483324162932    	
-10.473145473583    	-13.2447883111445   	157.511510548162    	
-11.1499948224158   	-14.2800388635161   	157.498940230333    	
-11.8764098221003   	-15.2435610359663   	157.487559333743    	
-12.5887029650666   	-16.3162145896387   	157.489770742376    	
-13.2721068174132   	-17.3586313580068   	157.511541534037    	
-14.0135192137384   	-18.4294427890554   	157.520634451802    	
-14.7228946815678   	-19.420988193455    	157.509002160733    	
-15.345776384597    	-20.4914358463504   	157.516418159134    	
-16.0316122641779   	-21.5654112187813   	157.538894778851    	
-16.6966897269907   	-22.5868687660227   	157.507589335197    	
-17.3463993845484   	-23.6060169624545   	157.498263817849    	
-18.0153668096825   	-24.7318640078941   	157.488420914127    	
-18.7444517921422   	-25.6028243258435   	157.448485287748    	
-19.8018118186587   	-24.9004397135604   	150.507876778334    	
-19.3995129088249   	-23.8072059915118   	150.488239686648    	
-18.9051169954199   	-22.6914533459675   	150.465461555582    	
-18.3192517707956   	-21.5721223423588   	150.497869729955    	
-17.7924081127578   	-20.483062412813    	150.513882003007    	
-17.214278561813    	-19.3656637683107   	150.508057653134    	
-16.5907104314279   	-18.2891622068885   	150.494258112985    	
-16.0025891228672   	-17.1864458658689   	150.483064353576    	
-15.3589127082578   	-16.1158825771578   	150.454045892692    	
-14.7818229787203   	-15.057075661015    	150.499068764371    	
-14.1193467088836   	-13.9935051434182   	150.512145782092    	
-13.4546753838508   	-12.9275102087276   	150.50492400307     	
-12.7435770735951   	-11.8520905227962   	150.503934149449    	
-12.0569806980899   	-10.8374715325067   	150.485524533104    	
-11.3862251202205   	-9.7913007980532    	150.484544064891    	
-10.6844616394813   	-8.82248760815589   	150.478294739642    	
-9.95707178566701   	-7.791190363057     	150.509018088378    	
-9.210757232294     	-6.80006174216765   	150.497855926276    	
-8.45486460718569   	-5.8322136599302    	150.490143146337    	
-7.67767585508809   	-4.82347051158378   	150.542898058768    	
-6.86975856054856   	-3.86123575989815   	150.48064141505     	
-6.0580642477003    	-2.91277392111942   	150.536966482091    	
-5.27076733735792   	-2.03152391689281   	150.488736626974    	
-4.47103781230583   	-1.05241919777046   	150.497319407097    	
-3.61015384180153   	-0.139053936238737  	150.506512239227    	
-2.73184026108929   	0.753465883549793   	150.507768563467    	
-1.91714529577093   	1.6671710361223     	150.48348264869     	
-1.01135386191775   	2.55843023180138    	150.513335022587    	
-0.103512802661579  	3.39271455277538    	150.503464509768    	
0.787664047274045   	4.22597712172338    	150.534558466036    	
1.74510354647019    	5.06763260125606    	150.502730506455    	
2.63949150764535    	5.86153037997572    	150.506802380892    	
3.6241618112512     	6.65064349183253    	150.541540279815    	
4.60420515126871    	7.43830120201908    	150.503876443687    	
5.59408778358942    	8.19682438778791    	150.499500226699    	
6.54851522477756    	8.9252595691067     	150.512211005559    	
7.57970244977471    	9.67479574211909    	150.504239857412    	
8.58324490002996    	10.3905628204005    	150.48909179423     	
9.61928020655834    	11.0559998225097    	150.478495305472    	
10.7075871004923    	11.6968123680915    	150.483729051893    	
11.7728210071377    	12.2995232692848    	150.461847425729    	
12.846426975981     	12.931841806294     	150.53119311043     	
13.9382920604839    	13.5161756196287    	150.490407698818    	
15.0396341628428    	14.0713333435249    	150.499625989323    	
16.1867702603081    	14.5852813043044    	150.491614137184    	
17.3202850923372    	15.1067004008694    	150.480241636013    	
18.481054934544     	15.5672902879632    	150.486846707971    	
19.6400051692408    	15.9727680343077    	150.504872345258    	
20.8163266927763    	16.3488081858996    	150.49410781346     	
22.0180431080049    	16.7158986752326    	150.486170906545    	
23.2349884433267    	16.8650072095092    	150.486093590626    	
22.3696604704549    	16.1505688466507    	150.500374549025    	
21.2914856267331    	15.6179212172238    	150.528743492575    	
20.161359164154     	15.0308234361767    	150.502389792337    	
19.08495345882      	14.4348678835517    	150.502605016265    	
18.0272326798467    	13.7858889394787    	150.507918505926    	
16.9294120062946    	13.194725464932     	150.498483546233    	
15.9275441748025    	12.4931210276689    	150.509960300422    	
14.863254342368     	11.8076860392551    	150.518970432527    	
13.8132185393072    	11.1559249783302    	150.499592078062    	
12.7957271081722    	10.4500107408574    	150.498014911882    	
11.8060784964599    	9.72116538707156    	150.508030786447    	
10.7934726384126    	8.98747909080188    	150.499018988587    	
9.78744652781971    	8.20120046156655    	150.472369952573    	
8.84966683974948    	7.44853555817915    	150.534414090505    	
7.88383217942769    	6.65621263605392    	150.490903092053    	
6.90908382638064    	5.87159863827561    	150.517886688104    	
5.94421172210895    	5.09050044493495    	150.512468292669    	
4.97767232732548    	4.27464735146024    	150.516602715936    	
3.99966089452555    	3.45412908617274    	150.513721309412    	
3.13010471499514    	2.61530923899203    	150.50336762828     	
2.20960431402381    	1.75245758213182    	150.493964896226    	
1.31703557697649    	0.962857484725465   	150.524815498471    	
0.380447632824616   	0.130127085536447   	150.477055512347    	
-0.482021704304267  	-0.779788782990552  	150.461929061868    	
-1.3868100689522    	-1.64226387860672   	150.507282947414    	
-2.2328400247102    	-2.52957035328322   	150.490934805322    	
-3.13674176618008   	-3.4196028151864    	150.489228168358    	
-3.96045097431996   	-4.32005235283749   	150.502699566962    	
-4.77254669988317   	-5.24393845436175   	150.498861546714    	
-5.64098536812296   	-6.20410773442683   	150.508131092968    	
-6.45830213071154   	-7.12082101226184   	150.504217488365    	
-7.25587167414402   	-8.03277930902944   	150.503354032568    	
-8.08833225687558   	-9.00396041421067   	150.494473273394    	
-8.84266264999813   	-9.9630273041003    	150.474734232812    	
-9.69857649801949   	-10.90324681632     	150.544915065193    	
-10.4028507808657   	-11.8623037809124   	150.52124775569     	
-11.1881012874061   	-12.8576037915702   	150.488239718781    	
-11.9919547525384   	-13.7964330609508   	150.51946613671     	
-12.7102942839739   	-14.8225085159561   	150.511017945511    	
-13.4485523531179   	-15.8354844081028   	150.50432302297     	
-14.1921258191234   	-16.8365545457449   	150.498179795771    	
-14.8825474188897   	-17.8492783594925   	150.480405463054    	
-15.5786711222884   	-18.8596161717832   	150.479233326306    	
-16.2843680296713   	-19.8934160712111   	150.500858081851    	
-16.9670024066347   	-20.8759468058057   	150.446266893557    	
-17.6962675634587   	-21.9615225595939   	150.52481026465     	
-18.3527574927484   	-22.9856036613463   	150.489024599068    	
-18.9707548476737   	-24.0046995962852   	150.501413093433    	
-19.7668744699589   	-24.9345447178843   	150.48515441675     	
-20.7725736535856   	-24.3237441970966   	143.502774669197    	
-20.4494308641402   	-23.1841927971409   	143.510228891817    	
-19.8728622174378   	-22.0589535552954   	143.498092839381    	
-19.3586464942604   	-20.9393358903552   	143.498991062979    	
-18.7901975252573   	-19.8338684587828   	143.515057373322    	
-18.252694472084    	-18.7638895263322   	143.495426391098    	
-17.6157589183532   	-17.647188473928    	143.513384904126    	
-16.9897774464339   	-16.5894636726999   	143.485393268492    	
-16.3895308808945   	-15.492369158141    	143.507832667884    	
-15.7355401681903   	-14.4204921864882   	143.507657063857    	
-15.0413616658733   	-13.3286840473916   	143.53351637949     	
-14.4141517764469   	-12.3374252349596   	143.531449905782    	
-13.7405739687503   	-11.29787748118     	143.48113250828     	
-12.9623537998271   	-10.2850712214595   	143.494037740437    	
-12.2561490454076   	-9.27890213174101   	143.495820344913    	
-11.5396920763151   	-8.24309888912456   	143.484341663818    	
-10.7706078546238   	-7.25676294742523   	143.499874326577    	
-10.0089527363463   	-6.30211189859839   	143.486978696796    	
-9.20958021352338   	-5.30579378137435   	143.501812225632    	
-8.43592996454233   	-4.36910760704683   	143.496342245957    	
-7.62566937006176   	-3.40007901236721   	143.485358642568    	
-6.82687852924877   	-2.52088548024991   	143.535893953459    	
-5.90672115323334   	-1.54132666602537   	143.498373426304    	
-5.03387108905154   	-0.64225559131997   	143.49481812736     	
-4.18590990904678   	0.20457933789778    	143.500147470385    	
-3.28676250238602   	1.04132154617308    	143.503944851068    	
-2.38805270798602   	1.92391081632776    	143.499493479871    	
-1.49407556353878   	2.76156458602498    	143.496720818438    	
-0.499701918337503  	3.58163220664587    	143.453857909845    	
0.441340674504281   	4.41128541665461    	143.504759582489    	
1.36027633186151    	5.12263466106251    	143.510780919964    	
2.39588614004833    	5.91678939433214    	143.511356015485    	
3.39996701290532    	6.62918700922037    	143.496032887614    	
4.442165811444      	7.34061410827791    	143.500796343014    	
5.39934225708677    	8.07186119032489    	143.491840586474    	
6.5189004784459     	8.71073320961155    	143.464822195517    	
7.61878203648822    	9.2950852269975     	143.510746728648    	
8.64465834133507    	9.94385819553959    	143.500876031481    	
9.77655551100662    	10.5236144775366    	143.507456125449    	
10.9443496155055    	11.0544024439087    	143.512569636442    	
12.0420421726082    	11.5448123131134    	143.54201235873     	
13.1314697424057    	12.0587718768075    	143.495974800288    	
14.3111450116373    	12.4550741268717    	143.453620194313    	
15.5052758581954    	12.8534510697361    	143.516016116645    	
16.7095744078721    	13.221469894153     	143.505841206615    	
17.9182274461842    	13.4901101634324    	143.503264013208    	
19.1512512006508    	13.7553692347552    	143.485042738661    	
20.3902220491419    	13.9497963885883    	143.496340293546    	
21.6071200382147    	14.0807579546674    	143.528566859453    	
22.8659875901852    	14.1679898447824    	143.508017238791    	
24.108480142672     	14.1762225090233    	143.530098496872    	
23.8554167611212    	13.6573825715726    	143.519798653087    	
22.6512356902661    	13.2743272801238    	143.51746614566     	
21.4785838039154    	12.9110704219344    	143.507615546318    	
20.2939316861479    	12.510154856134     	143.513355635369    	
19.1306291597861    	12.0214710435722    	143.499364281144    	
17.9956723243333    	11.5219050912326    	143.495253602584    	
16.8918336883853    	11.0193198369833    	143.498351528021    	
15.7573021864671    	10.4675605933964    	143.538557237565    	
14.6291267799872    	9.88436313754326    	143.506055559173    	
13.5025326296821    	9.34712907472206    	143.494094215471    	
12.4330726871624    	8.68592127338927    	143.528110856434    	
11.3786099290764    	8.05822733611947    	143.518189151706    	
10.327078133905     	7.39472265259768    	143.519808134821    	
9.27169973968656    	6.70541650585794    	143.48583954793     	
8.26994477549079    	6.01158243819405    	143.490567534233    	
7.23842821610784    	5.32045151311466    	143.505183324598    	
6.22597916437554    	4.56534268366606    	143.475275230021    	
5.21650230149402    	3.77318782096936    	143.497122492189    	
4.26609414692502    	3.07221812129214    	143.497134709069    	
3.29965757785596    	2.28674000540113    	143.514944073354    	
2.30681968593278    	1.50959147752992    	143.513473689659    	
1.33788984378562    	0.682148530550919   	143.506998905148    	
0.422906264849671   	-0.0862385500803892 	143.470968647293    	
-0.534205162285627  	-0.903637405832803  	143.480281697225    	
-1.46066067605656   	-1.76317594308757   	143.506615730796    	
-2.37860996590652   	-2.59209740843388   	143.534052945349    	
-3.28531237305284   	-3.46773262790364   	143.516436575452    	
-4.16907345157082   	-4.3116949585345    	143.482553905433    	
-5.06951079836039   	-5.22626045154389   	143.458998582416    	
-5.93904006300417   	-6.05594058567647   	143.487640004436    	
-6.78825326041495   	-6.95680179917749   	143.491553440085    	
-7.66587607495273   	-7.86720960007373   	143.492562154065    	
-8.53162786464446   	-8.75720370995677   	143.530369759369    	
-9.3925576367661    	-9.69852175422855   	143.49427294362     	
-10.1897987329904   	-10.5811456191355   	143.53187637081     	
-10.9779825342057   	-11.526039574611    	143.525815275809    	
-11.8281871234558   	-12.5093318391208   	143.466782102108    	
-12.6399946865218   	-13.4397067734915   	143.531431179832    	
-13.4124073388335   	-14.4222547033404   	143.483861699054    	
-14.1839538783775   	-15.4157569236822   	143.51360888101     	
-14.9482375104773   	-16.3694689872292   	143.497210807202    	
-15.7591663820939   	-17.3988532859346   	143.506583242556    	
-16.4643326143429   	-18.3075713638314   	143.505124157613    	
-17.1961421937117   	-19.3559465132457   	143.503980083312    	
-17.9419848317366   	-20.3720945010385   	143.484922747356    	
-18.6838647988117   	-21.3748831874022   	143.47680332559     	
-19.35021115282     	-22.3857507673366   	143.477246152664    	
-20.0239417545573   	-23.4632406987994   	143.493325848344    	
-20.7931925280582   	-24.3087070203957   	143.48005009632     	
-21.486210908104    	-23.5170340757275   	136.491455270732    	
-21.1019921788865   	-22.4094800033752   	136.504479711323    	
-20.5776609758687   	-21.2544676899359   	136.510542526916    	
-20.0393292451799   	-20.1462949003655   	136.498228762694    	
-19.4939721419124   	-19.0476020917246   	136.55104632912     	
-18.893348543237    	-17.9280961546875   	136.488052803392    	
-18.2947950080941   	-16.8651427456005   	136.502709770725    	
-17.7078919391972   	-15.731683739416    	136.499401258365    	
-17.0398268864772   	-14.6804408975037   	136.497201688687    	
-16.3941539657806   	-13.6043257002963   	136.491507342614    	
-15.7060451818073   	-12.5589550860171   	136.513838787825    	
-15.0280167400668   	-11.490440961229    	136.473713343658    	
-14.3065818564788   	-10.4865050405675   	136.499103531343    	
-13.5892930314731   	-9.42194729891961   	136.490177058585    	
-12.879916278955    	-8.45974417868135   	136.498855331057    	
-12.0956314079934   	-7.4031395399954    	136.490221910693    	
-11.3221635062716   	-6.46383140439985   	136.501116920937    	
-10.5459752913695   	-5.50360309792256   	136.500364425274    	
-9.72737212399215   	-4.50178022874145   	136.500017884247    	
-8.89605558920458   	-3.58724512219725   	136.508515480078    	
-8.08230741053588   	-2.66158014777496   	136.498149745401    	
-7.2509057812674    	-1.7522601378177    	136.461049288775    	
-6.32158579804773   	-0.868610618542415  	136.501873243272    	
-5.44511705826833   	0.00633002348021711 	136.452196151491    	
-4.50110905147433   	0.843339697680424   	136.480446418555    	
-3.56158401976637   	1.62723514141802    	136.520121567029    	
-2.63697398975657   	2.51053748627284    	136.489782809445    	
-1.65716789297935   	3.28674387506935    	136.498112352854    	
-0.68476691211328   	4.05307990747733    	136.479369316521    	
0.359966697697582   	4.82393833853017    	136.492679505173    	
1.38645804300623    	5.50809425912561    	136.480828656142    	
2.37606421957641    	6.20949573769436    	136.476661531272    	
3.41469587619001    	6.85871630239845    	136.500767784849    	
4.51180758206367    	7.47815057330735    	136.502299985248    	
5.62034611179894    	8.06954786671183    	136.473825933753    	
6.72036866395685    	8.67894681782428    	136.491461492168    	
7.83810595933228    	9.18090006552013    	136.462422034258    	
8.99934876096421    	9.69357719902182    	136.529053896497    	
10.179354901636     	10.1710711820448    	136.515712944198    	
11.3668166562233    	10.5253175116695    	136.515582374709    	
12.5711204730872    	10.8979091018076    	136.49859162937     	
13.7207849258081    	11.2497023261956    	136.505686760517    	
15.0047461350962    	11.4810844879614    	136.522077471       	
16.2132706767096    	11.7119470181804    	136.490270235839    	
17.4422592450553    	11.8755186429882    	136.467684054231    	
18.685694956661     	11.9588139178346    	136.493923049003    	
19.9376530337468    	11.9939451724248    	136.520221118736    	
21.1991588201152    	11.9742842198205    	136.511104592116    	
22.4517306873145    	11.9019696981957    	136.508191621417    	
23.6774488980954    	11.7687375762459    	136.542739793206    	
24.95316527752      	11.5574835216992    	136.445443674162    	
25.4142622167366    	10.9789692028059    	136.480027494576    	
24.1988609230797    	10.8406931632875    	136.494308096819    	
22.9599581939202    	10.6318497999566    	136.474560097459    	
21.7158990176714    	10.4525097265013    	136.50603635638     	
20.5156888517634    	10.1708658085984    	136.486614574239    	
19.3050340171562    	9.89357676701684    	136.479672645246    	
18.1114476333953    	9.51026898465288    	136.48616719549     	
16.9173028791895    	9.15168416459496    	136.503610710543    	
15.7392065719236    	8.73462787740538    	136.532451591613    	
14.6324023027686    	8.27491328700605    	136.521775189279    	
13.4498699480463    	7.76007893401474    	136.481452381732    	
12.2407765573287    	7.25397375171387    	136.487946213848    	
11.1361483121451    	6.73810886866663    	136.480372086305    	
10.0431743043902    	6.13408364481126    	136.510329302704    	
8.95874546939948    	5.53540126124883    	136.50659196623     	
7.8500245201378     	4.89018611233092    	136.485592458215    	
6.762498641014      	4.27636948422657    	136.468112432375    	
5.74366021002592    	3.63019777585675    	136.526378745724    	
4.67298787097612    	2.94503141043194    	136.507763290039    	
3.63748245104194    	2.22920079992244    	136.480070416362    	
2.64929284909049    	1.51756869296911    	136.513559601277    	
1.61743921202026    	0.754992914460279   	136.528492880417    	
0.591360997509529   	0.0381205225449922  	136.501475136243    	
-0.354110878634111  	-0.720054514992026  	136.488069718464    	
-1.35518254033947   	-1.50318114338554   	136.494079958196    	
-2.31554409833828   	-2.32628873056095   	136.518322842677    	
-3.26981562007817   	-3.14758174591295   	136.521411861104    	
-4.20586087366269   	-3.93409827930138   	136.505408778081    	
-5.08934219593807   	-4.8451809498915    	136.495558460431    	
-5.99873884419404   	-5.63364542904379   	136.494227234237    	
-6.94344891428833   	-6.51297204725172   	136.508521932562    	
-7.84066578216352   	-7.37658522632627   	136.502313543602    	
-8.69820538179643   	-8.31510256417328   	136.495196455165    	
-9.57042104258164   	-9.12833137013433   	136.497056301335    	
-10.4491563034291   	-10.0904460106532   	136.542886742622    	
-11.2930335932579   	-10.9825020641142   	136.498607580693    	
-12.1221510659415   	-11.9030642550483   	136.517028810158    	
-12.9847809846808   	-12.8602374937509   	136.497376394972    	
-13.7862191469649   	-13.7753681363736   	136.498986179481    	
-14.603887915535    	-14.7690099896131   	136.522110481005    	
-15.4062049257371   	-15.7246569532882   	136.525024392256    	
-16.1693959724046   	-16.6695070364553   	136.477935696676    	
-16.9789191335994   	-17.6773047013763   	136.490136813871    	
-17.7282149120276   	-18.6560096100027   	136.544253038724    	
-18.5305687735952   	-19.6312167287656   	136.486986767683    	
-19.2409334724911   	-20.6454622922185   	136.478000296454    	
-19.9797755607787   	-21.6477941386075   	136.491314051698    	
-20.7067187203491   	-22.6781057223944   	136.51120268875     	
-21.4894116077541   	-23.5327634060789   	136.49526807365     	
-22.0632873435677   	-22.6520950444043   	129.530186486887    	
-21.7508214890889   	-21.530514071473    	129.49967684337     	
-21.1977761164586   	-20.399707396858    	129.524426584087    	
-20.6337918526678   	-19.2769503303802   	129.540157157238    	
-20.0803171156476   	-18.1186575301639   	129.495435291286    	
-19.5002531020306   	-16.9691150196455   	129.483612033061    	
-18.8841294487425   	-15.9002852588695   	129.462032295547    	
-18.2727013217888   	-14.7959509100733   	129.478276415727    	
-17.6452876658765   	-13.7305785897072   	129.498738983348    	
-16.9661242688427   	-12.6607893268859   	129.486837641096    	
-16.2808359204703   	-11.5714196840612   	129.478409938047    	
-15.5787680793446   	-10.5433017271354   	129.513702036338    	
-14.8507215353174   	-9.49005052523115   	129.503466273701    	
-14.0821294377137   	-8.50078799348618   	129.480803789187    	
-13.3546707626856   	-7.492196450178     	129.492462038862    	
-12.5723728491813   	-6.5036807260446    	129.507728976739    	
-11.793088801272    	-5.55517525810197   	129.512149159236    	
-10.9992891850687   	-4.55484308941712   	129.485988742245    	
-10.1721657029545   	-3.58340757842847   	129.496526095793    	
-9.27226002031081   	-2.69066652503516   	129.485032007978    	
-8.33987809039664   	-1.7529175055011    	129.488519209968    	
-7.436209383161     	-0.898821743637306  	129.545120551578    	
-6.55836364480754   	-0.0413011928876002 	129.532621664015    	
-5.62836595248107   	0.785449761403976   	129.513219713742    	
-4.63090439790188   	1.64111765651471    	129.486484708507    	
-3.66564141349542   	2.41189505018218    	129.480725266929    	
-2.70071960165378   	3.18672668179395    	129.496845532389    	
-1.6692629996013    	3.92879857631456    	129.505829825274    	
-0.624974231527186  	4.61695897889999    	129.49323880531     	
0.422954793072497   	5.29308989267743    	129.481840275524    	
1.4979895627055     	5.9889152461349     	129.487849418494    	
2.62734422107212    	6.56769079531189    	129.514607107392    	
3.74647488109201    	7.14038900031173    	129.501920370491    	
4.90068813192545    	7.70401205772304    	129.463176934843    	
6.04687887624676    	8.23639296030059    	129.495505814633    	
7.20599224780414    	8.6406922167654     	129.505272762955    	
8.39427412927205    	9.05917572463695    	129.503311893657    	
9.60904763779615    	9.42924321197947    	129.507473921407    	
10.8386665195048    	9.76473253111628    	129.512200412135    	
12.0498935095899    	10.0318778545394    	129.51301219748     	
13.3208961308671    	10.2385254123766    	129.485647453968    	
14.5593052799266    	10.3656786493566    	129.4963908146      	
15.8609363615424    	10.4617966715193    	129.501569821543    	
17.076230216332     	10.4844939737456    	129.495240389302    	
18.3413743111101    	10.4466231007144    	129.50377855913     	
19.6187852057828    	10.3615425219077    	129.508212790522    	
20.8417599085765    	10.2289739076383    	129.513444805571    	
22.084026879884     	10.042228158906     	129.500991985027    	
23.3222366337997    	9.74307886400118    	129.506702524588    	
24.5511291684006    	9.42049665215441    	129.511324228098    	
25.7564941541479    	9.04585209661045    	129.486853179842    	
26.9023711258539    	8.55201075566488    	129.500056446534    	
25.8276641405841    	8.2671688148691     	129.494842412716    	
24.5604741674501    	8.27738264093857    	129.493558823276    	
23.3128832687472    	8.2697801455407     	129.492333640066    	
22.0576471931521    	8.16930373139572    	129.47166505742     	
20.7916837090683    	8.00668872345415    	129.486240714427    	
19.5748255983442    	7.84804199779145    	129.524135865297    	
18.2989489635163    	7.63115280149177    	129.521519227493    	
17.1323712733709    	7.36516850843465    	129.51339885529     	
15.875582811456     	7.10162172665723    	129.490361678223    	
14.6476216513582    	6.7625636652029     	129.518381705086    	
13.4434073535611    	6.39504138423971    	129.484514968988    	
12.199135108478     	5.97195473610163    	129.532655417884    	
11.0509957433123    	5.51043970910428    	129.50293512339     	
9.89254056166857    	5.03715239275419    	129.479651646522    	
8.72817343684885    	4.57480232994308    	129.50532739143     	
7.57581112214544    	4.00416724623573    	129.508669437351    	
6.47371650715829    	3.41419579594937    	129.498951711703    	
5.33846009245421    	2.81826553765349    	129.517746284091    	
4.2579784445083     	2.23638057801093    	129.491869349324    	
3.16674205232638    	1.57163300802813    	129.512700242124    	
2.09730475138725    	0.899494238396001   	129.505366546623    	
1.0402228954341     	0.253522346315068   	129.486427406777    	
-0.0152811558732006 	-0.451511379346164  	129.510428254748    	
-1.04879250976599   	-1.20297879384945   	129.537658842333    	
-2.07504853414015   	-1.96157405672838   	129.547145658949    	
-3.07259744475386   	-2.74663727556638   	129.505130658452    	
-4.08075596204717   	-3.50558671412965   	129.50581279929     	
-5.01564233915765   	-4.2790307099952    	129.519601332843    	
-5.97031897893149   	-5.1074604642772    	129.502613849528    	
-6.92531848766058   	-5.92768907143672   	129.514270946372    	
-7.8771573252559    	-6.79620332355664   	129.461572446448    	
-8.78951788209445   	-7.65547750056729   	129.477632754179    	
-9.71409571575658   	-8.52948284250275   	129.48838037038     	
-10.6113984182234   	-9.3695650160556    	129.520152109304    	
-11.5268450005343   	-10.3086642628596   	129.499979356467    	
-12.3597104726361   	-11.182442074902    	129.523928379134    	
-13.2504776612188   	-12.0841801843193   	129.49361670206     	
-14.130007844804    	-13.0054156903487   	129.535791193434    	
-14.952719736117    	-13.9750847977124   	129.517537405982    	
-15.7878482840384   	-14.9455529090572   	129.498120896397    	
-16.5900137428615   	-15.876791221887    	129.482520553761    	
-17.4122381969301   	-16.8426430301296   	129.537876959015    	
-18.1885034744975   	-17.8030976647562   	129.474849480675    	
-18.9879967785793   	-18.7731161276935   	129.483684375922    	
-19.7460887735876   	-19.8006664345145   	129.488467695864    	
-20.5104162990296   	-20.7765275782377   	129.477429705274    	
-21.2604591729981   	-21.8608354834413   	129.499509462169    	
-22.0812762966878   	-22.6642562859519   	129.484418216067    	
