-14.7536033370075   	-28.5956763138847   	185.466643914797    	
-14.4350740113757   	-27.4712692888818   	185.498421851895    	
-13.9359928694333   	-26.2747762322415   	185.499338072481    	
-13.4212016879087   	-25.1155865285118   	185.499279862784    	
-12.8630209326457   	-23.9451205470371   	185.509376590562    	
-12.328641836069    	-22.7409975190679   	185.509896243171    	
-11.8236911195179   	-21.6240536483614   	185.512194173291    	
-11.2526537530263   	-20.468381644078    	185.498279632383    	
-10.6631011586851   	-19.2838734448072   	185.523823668117    	
-10.1515354813156   	-18.1093037296848   	185.503624322541    	
-9.59163937348205   	-16.913764826073    	185.484540632165    	
-9.01930529163546   	-15.7645267963921   	185.467224385093    	
-8.46801753990442   	-14.6074496927039   	185.523967029841    	
-7.91448669826316   	-13.4538696641418   	185.492452082812    	
-7.31354794873026   	-12.3541669199485   	185.466830294608    	
-6.75438462461575   	-11.1378636302729   	185.488681358953    	
-6.11947435108021   	-10.011138177154    	185.492552407538    	
-5.55829088455942   	-8.90972241726792   	185.522159028329    	
-4.9642674822968    	-7.69666171332079   	185.512538049082    	
-4.38000649647145   	-6.59604793815901   	185.531397225044    	
-3.78411305900932   	-5.42305397332728   	185.507001198615    	
-3.16050144923533   	-4.32599728153656   	185.517390471521    	
-2.58051775649688   	-3.1813950552734    	185.48887262135     	
-1.96286392330845   	-2.0269544889847    	185.500208600795    	
-1.31213631475413   	-0.911668789356794  	185.476671423605    	
-0.70351429564272   	0.231168603035991   	185.550503326655    	
-0.0676761609056304 	1.37886811559345    	185.480547527403    	
0.550227784789088   	2.4463400763427     	185.499504294641    	
1.18570155881733    	3.61059415630817    	185.480856189821    	
1.81219370214318    	4.76135726947565    	185.50814827928     	
2.46228276584876    	5.83527352849287    	185.515794421304    	
3.05289487504566    	6.97351841589393    	185.463535448756    	
3.72698127784151    	8.10920296200113    	185.464452118232    	
4.3219987207734     	9.21755507943837    	185.514771738229    	
5.00494285894142    	10.3493527235017    	185.491484040372    	
5.63395459252451    	11.4172203359603    	185.466061778075    	
6.28820245107878    	12.5585453048527    	185.529269064504    	
6.93533503842016    	13.6776638630196    	185.492979370827    	
7.58738506204321    	14.7755641662715    	185.488117298818    	
8.2084277306184     	15.9117974123192    	185.469458332605    	
8.89240284094329    	17.0022105354639    	185.505127276869    	
9.54020700494822    	18.1162248979017    	185.528568276034    	
10.1626780064996    	19.2356365696391    	185.459915560445    	
10.8450997587396    	20.3586043376122    	185.518964957551    	
11.4737770425949    	21.5102221818404    	185.491439520232    	
12.1233085779773    	22.5708838582891    	185.476905204476    	
12.769060305546     	23.7190650261751    	185.489525281363    	
13.3759674723816    	24.7905448203444    	185.53429138972     	
14.0623370465205    	25.9310755722253    	185.498647338925    	
14.6566455321044    	27.0693251072092    	185.518749503705    	
15.0498063392599    	26.8986092446926    	185.482072184916    	
14.4938328260686    	25.7676913130299    	185.500754191134    	
13.8838285309809    	24.5731408015024    	185.477140005449    	
13.3109958389362    	23.4617470165509    	185.492249079576    	
12.6631389276024    	22.3129607311772    	185.471989155269    	
12.1251436577018    	21.1542822600427    	185.505070954771    	
11.519737964713     	20.055798083792     	185.50493061546     	
10.9191410462388    	18.9359375870583    	185.502241984168    	
10.3167013848644    	17.7761524344226    	185.529517454523    	
9.69493401966381    	16.6497075526812    	185.510633659652    	
9.06445237433857    	15.4684515817549    	185.475471784693    	
8.44689179730116    	14.4019741058856    	185.471109974234    	
7.84773543034878    	13.2576899342841    	185.51244585062     	
7.18241780322721    	12.1193682819285    	185.489517270699    	
6.52262516631306    	10.9896772009125    	185.496890390134    	
5.93287138307329    	9.88205572102476    	185.517993554219    	
5.2979497530707     	8.74272183199981    	185.471443769299    	
4.67786836679335    	7.59447820403578    	185.501155221179    	
4.03640335702568    	6.48406860879585    	185.454027820119    	
3.41982147760799    	5.33963969883051    	185.509787279183    	
2.80619640782857    	4.24364219599104    	185.495671820382    	
2.16148033432062    	3.11309044566565    	185.515570468717    	
1.55405354215048    	1.98646769391309    	185.499051101587    	
0.895740076809135   	0.843760725635408   	185.47150192399     	
0.304912439141683   	-0.264725676616848  	185.527538064954    	
-0.326519848125195  	-1.39118777512176   	185.5035709731      	
-0.979582670253574  	-2.52593715073341   	185.537186871705    	
-1.55936754025228   	-3.60333543737054   	185.502444537041    	
-2.20345816501721   	-4.77372430125443   	185.497012377343    	
-2.82888838321388   	-5.92518372207404   	185.50737576005     	
-3.43947451809525   	-7.01854232023307   	185.515022732783    	
-4.07007189608324   	-8.18548060636103   	185.518298039487    	
-4.66250764825186   	-9.31466888830427   	185.499748644339    	
-5.22454073660721   	-10.4421618908605   	185.527143588909    	
-5.86319507257977   	-11.5677974528333   	185.498830704671    	
-6.4856527956291    	-12.7456973095564   	185.489973275297    	
-7.08665472073581   	-13.8850789102385   	185.484635295053    	
-7.67056961179659   	-14.9988540931891   	185.464787666037    	
-8.25580672126752   	-16.1166962205603   	185.489599181937    	
-8.89426045836259   	-17.2704047896589   	185.503127433719    	
-9.43844529717939   	-18.4423857324511   	185.500858795966    	
-10.0321038256814   	-19.6100732830252   	185.494616622504    	
-10.636450340107    	-20.7388602622423   	185.483502308983    	
-11.2040806527773   	-21.8677643060299   	185.503346224554    	
-11.7840924150606   	-23.0205609062688   	185.490095794053    	
-12.3627709607715   	-24.190920441493    	185.4748070881      	
-12.9522221167323   	-25.3334243453888   	185.529216536714    	
-13.4948436698339   	-26.5138678828242   	185.477571218525    	
-14.0298877475144   	-27.6632558076211   	185.48102702603     	
-14.7505100636748   	-28.6035042170994   	185.481318910919    	
-15.7382161748248   	-27.8875441069993   	178.524265092055    	
-15.4179427098907   	-26.7085538521525   	178.535866136931    	
-14.914436962769    	-25.5442856000536   	178.508048918298    	
-14.3652339247701   	-24.3917733811888   	178.50406637471     	
-13.7999750906205   	-23.2526345650057   	178.509272631732    	
-13.2584448490828   	-22.0707441752866   	178.505346346875    	
-12.7162446404813   	-20.9354205826777   	178.491913882385    	
-12.1387898563473   	-19.7932842223872   	178.458955666706    	
-11.5884407185775   	-18.654475709845    	178.536452067877    	
-11.0020995231713   	-17.4682799525377   	178.469664259621    	
-10.4378563428922   	-16.3362876588597   	178.490221677933    	
-9.817390832625     	-15.2094480341769   	178.51882956417     	
-9.2554928635761    	-14.1056536912525   	178.494727851342    	
-8.65276445974971   	-12.9940480098285   	178.514770583019    	
-8.05077914066458   	-11.8294671359453   	178.531314101899    	
-7.44427781988284   	-10.6881754524015   	178.508867599844    	
-6.83039783930776   	-9.61005627954427   	178.480070714416    	
-6.21334606075791   	-8.49241186884882   	178.498560875622    	
-5.59767093971088   	-7.39572861008466   	178.504005553754    	
-4.94931507891792   	-6.23821213897918   	178.47813630452     	
-4.30310323112675   	-5.15069438285368   	178.530438054858    	
-3.6139018552384    	-4.0314089744073    	178.476176180426    	
-2.97194563885504   	-2.94906071249278   	178.49695140869     	
-2.31696380425405   	-1.86519315810824   	178.50679235783     	
-1.64760000917081   	-0.775006867287163  	178.522405216744    	
-0.992753910033229  	0.314982776490061   	178.526176097673    	
-0.299229720602897  	1.42610235328382    	178.531899351287    	
0.425425140012367   	2.47119259333355    	178.459820740636    	
1.06606696776855    	3.57197349814171    	178.500078651967    	
1.73706653816883    	4.64768295247844    	178.473935011285    	
2.4427738520339     	5.6977543069571     	178.512705278004    	
3.16170698199336    	6.73064851813157    	178.459353872293    	
3.8728104520777     	7.86320641539335    	178.510166142343    	
4.57442274004539    	8.91845652607345    	178.497532001007    	
5.30377558320787    	9.93817871982125    	178.541357309181    	
6.00094646041082    	11.0197357573989    	178.514049775666    	
6.76334041761018    	12.0725073973967    	178.451067073445    	
7.44068276819256    	13.1091189697953    	178.492950721312    	
8.17567459626657    	14.197053321621     	178.481627899883    	
8.90653572913719    	15.2078877626032    	178.540682094705    	
9.64791171480408    	16.2254939576583    	178.50176861839     	
10.3608898157034    	17.3193063795986    	178.511581118271    	
11.1019914783166    	18.3399766445793    	178.491963397845    	
11.8606464971282    	19.3992601418584    	178.509190278541    	
12.5780435450866    	20.4391805799187    	178.484002619447    	
13.3439034059797    	21.4775399037598    	178.506961766073    	
14.0990529979817    	22.5299401710768    	178.504332979257    	
14.8578261045606    	23.5645235603515    	178.495240760615    	
15.591426978602     	24.5973022638244    	178.531405225429    	
16.33900301707      	25.6505727517361    	178.500744367254    	
16.7685257249194    	25.5109100415736    	178.491786240355    	
16.0896683835796    	24.4552402492638    	178.502100536751    	
15.351321836015     	23.3766332072196    	178.503352782751    	
14.7055474928379    	22.3046216188335    	178.457577156477    	
13.9942884616396    	21.1744991187808    	178.494937354676    	
13.3215129403824    	20.1480208869798    	178.461431302142    	
12.6602036053929    	19.0502346298835    	178.49854149328     	
11.9384574653944    	17.9911823838096    	178.505278647363    	
11.226957309879     	16.8969210778079    	178.50341984398     	
10.5727421343349    	15.8399600358022    	178.529942018536    	
9.86279813280681    	14.7677552038943    	178.495925749896    	
9.16190231483998    	13.6903191782978    	178.497723904231    	
8.46431739127137    	12.6059218411545    	178.482309463222    	
7.77529639999744    	11.5140773542455    	178.478666089837    	
7.08844355629164    	10.4826793123313    	178.539521185467    	
6.42720438192426    	9.40183293819096    	178.514025629912    	
5.72585039947543    	8.30414632207127    	178.494132939776    	
5.01034192387092    	7.25185254685426    	178.536308706622    	
4.3212373754329     	6.18267156446711    	178.496787260571    	
3.61637029251418    	5.06185076480782    	178.518923564525    	
2.96586594250353    	3.99469862542677    	178.548993347499    	
2.23297008866511    	2.95903590050937    	178.528111036175    	
1.55689536626083    	1.82982521478961    	178.473613190314    	
0.887175226469278   	0.752585733722114   	178.505909042534    	
0.216652427532575   	-0.295081706519627  	178.466369525659    	
-0.501990814060741  	-1.41482678235484   	178.495494180423    	
-1.16563928526935   	-2.49649462312836   	178.519652704881    	
-1.81229189045511   	-3.54652525872265   	178.503011396852    	
-2.49698313648774   	-4.65789714364868   	178.507608362434    	
-3.15375781664713   	-5.71261042184117   	178.51001027971     	
-3.79787685604912   	-6.8148956496783    	178.490212421859    	
-4.51109456296269   	-7.93103417162592   	178.499039858982    	
-5.10103144840453   	-8.99704229814413   	178.494157325921    	
-5.76233849631613   	-10.1216555232931   	178.534295436131    	
-6.40933489088272   	-11.2415969931117   	178.49971702958     	
-7.08706567708949   	-12.3653504087675   	178.502205189598    	
-7.69003725039596   	-13.4293027780892   	178.494350111961    	
-8.32640331838167   	-14.5743897232922   	178.501896808669    	
-8.98233426988484   	-15.644473985676    	178.521330040019    	
-9.53933579420729   	-16.7484106249686   	178.508754921544    	
-10.2053117787213   	-17.8906670457585   	178.501936416112    	
-10.8391592533968   	-19.0077519470506   	178.51530401625     	
-11.4468942747482   	-20.1453501189686   	178.496969771696    	
-12.0375490043383   	-21.2451238739543   	178.496758236059    	
-12.6480905734573   	-22.4196171046629   	178.507937410834    	
-13.2524278191943   	-23.5081274517218   	178.490318236256    	
-13.8569256877976   	-24.62596694184     	178.533334735464    	
-14.4623226043733   	-25.7425933865259   	178.492443118892    	
-15.0515956162054   	-26.9285294733467   	178.508269629171    	
-15.7288224217108   	-27.874397206874    	178.511089618291    	
-16.7136296185188   	-27.0902090131221   	171.503946592779    	
-16.3915544449946   	-25.9615765522806   	171.46914605678     	
-15.8589851602957   	-24.8055391753916   	171.488435846216    	
-15.3157913027811   	-23.6975363648707   	171.510546761838    	
-14.7727290326242   	-22.5156889580003   	171.51265308674     	
-14.1881447992971   	-21.3645295081898   	171.533050280826    	
-13.6170320006234   	-20.2619612840966   	171.512674725277    	
-13.0371456055917   	-19.1326064873715   	171.509311722171    	
-12.4284465963958   	-18.009512025369    	171.512469329326    	
-11.8838577691075   	-16.86453768533     	171.480334107708    	
-11.2922833627144   	-15.7863007076012   	171.48438957706     	
-10.6600110512109   	-14.6198045245846   	171.519785833897    	
-10.0615085623199   	-13.5411707348385   	171.520876727964    	
-9.37550645899939   	-12.3923005253967   	171.518413935824    	
-8.78546152517496   	-11.2998590931149   	171.478201692884    	
-8.10682373049027   	-10.2546146743294   	171.521244978374    	
-7.45156952931707   	-9.15533603115437   	171.485648712231    	
-6.78080126642602   	-8.03396961822192   	171.483514976547    	
-6.16634400329092   	-6.9712676102879    	171.497262895594    	
-5.42503176047061   	-5.88399806979572   	171.522771419006    	
-4.74708311027321   	-4.85211170924808   	171.478930451942    	
-4.07547762236706   	-3.75129391268392   	171.493773859907    	
-3.38230346444492   	-2.73712824242736   	171.530075784478    	
-2.64740118335218   	-1.63431923599897   	171.510292413284    	
-1.98062365746149   	-0.590297582794761  	171.494347680432    	
-1.19967106520545   	0.430361762521559   	171.555826457338    	
-0.499668425710642  	1.47323973090261    	171.487849124282    	
0.22763658312325    	2.52094370829366    	171.494704331142    	
0.973217885913594   	3.54518637436931    	171.502215901082    	
1.75057129961914    	4.59505259485415    	171.505483085971    	
2.50389407556833    	5.57961787947298    	171.49404386984     	
3.27757462719693    	6.61637446702103    	171.506063687578    	
4.04858004211348    	7.63088741477146    	171.514751578415    	
4.79787671981774    	8.61554864940207    	171.502884343493    	
5.60398764477922    	9.64766120978068    	171.467449573444    	
6.37248718619252    	10.6167757928068    	171.50091226673     	
7.23596969023465    	11.632587800447     	171.475583318437    	
7.99507344857065    	12.6169795414988    	171.461790128989    	
8.80635959206844    	13.5994684844783    	171.487588078997    	
9.63864009788885    	14.5718622373584    	171.534485754581    	
10.4748714297269    	15.5579742632171    	171.455081555163    	
11.2325275898388    	16.501595960959     	171.481118288403    	
12.088857739196     	17.4992265372999    	171.465683098687    	
12.8919095481717    	18.4312157742333    	171.498835708734    	
13.7256374150767    	19.375173151936     	171.500984264595    	
14.6049432011357    	20.3291401881937    	171.506807145857    	
15.4368823528101    	21.2879408760491    	171.530726095901    	
16.2630655238809    	22.2111657858814    	171.510611764373    	
17.1156885696579    	23.1905125666677    	171.5010260293      	
17.9433843534851    	24.097953627587     	171.491258592894    	
18.4602655029337    	24.0666179457697    	171.507759840883    	
17.700802305745     	23.0311490438156    	171.473973922309    	
16.9244552694136    	22.0461369928678    	171.490490636854    	
16.1422991755531    	21.0202282403567    	171.494470532755    	
15.3487193148722    	20.0623076719697    	171.502220294417    	
14.5797729527437    	19.0354011255967    	171.474120595545    	
13.8180471415697    	18.0818554356445    	171.458553518239    	
13.0257592629819    	17.0549267993663    	171.512018674115    	
12.2783801567738    	16.0394713725871    	171.532579941888    	
11.4576119586631    	15.0252951056241    	171.528144516502    	
10.6947193771591    	14.020005657498     	171.498154822674    	
9.90731946472754    	13.0069294212588    	171.49910188495     	
9.17000336393629    	11.9900190236979    	171.532733860922    	
8.44697880712282    	10.9523017038857    	171.494752933238    	
7.61191469097487    	9.93803575733797    	171.504802707587    	
6.87305943682996    	8.96199684856668    	171.523574432898    	
6.13566534069597    	7.93703055062005    	171.517546845955    	
5.39727727425948    	6.87286306123407    	171.479439690262    	
4.58774056123071    	5.85667272102565    	171.515728544601    	
3.8720797984129     	4.84624077641479    	171.487511869622    	
3.07399832929869    	3.8076498247296     	171.475229468159    	
2.34631377816187    	2.82072585961253    	171.511869607681    	
1.62083025541206    	1.80186853586131    	171.505542495307    	
0.864807485496816   	0.70434029568492    	171.494061927771    	
0.122627891301438   	-0.310077570260974  	171.492813930742    	
-0.58982956150135   	-1.35164838498502   	171.463849872626    	
-1.32788843537734   	-2.38486359748359   	171.489513472478    	
-2.04381199880795   	-3.44156339617322   	171.529396396328    	
-2.75918047734521   	-4.47577440561912   	171.466234904128    	
-3.50875580299536   	-5.4985958602348    	171.508576824982    	
-4.17738557039203   	-6.56450262667854   	171.50764038673     	
-4.87646929294546   	-7.64346770058218   	171.515175408812    	
-5.58798618524271   	-8.692355625745     	171.469479255543    	
-6.28240228508761   	-9.78137101126472   	171.501628801935    	
-6.99033370593686   	-10.8623467809084   	171.464719734967    	
-7.65242062484261   	-11.9323183777529   	171.493318908246    	
-8.34059944716311   	-12.9969205765817   	171.499824085685    	
-9.02999956887449   	-14.0873091908541   	171.515211592826    	
-9.64265611259171   	-15.1757906880083   	171.536149068497    	
-10.3187163051974   	-16.2736757091384   	171.485889183696    	
-10.986382782326    	-17.334116678019    	171.492400838424    	
-11.6263666248096   	-18.44525803663     	171.536065015144    	
-12.2296844319323   	-19.5539596544103   	171.476381207463    	
-12.9145650934779   	-20.6268843754733   	171.483099559066    	
-13.5617126524531   	-21.7264609544141   	171.502368498904    	
-14.1864380698279   	-22.8465830391077   	171.514972925942    	
-14.8069814270975   	-23.9259437855408   	171.48235064035     	
-15.3872669117424   	-25.0641292907264   	171.484047290822    	
-16.0253525332397   	-26.1340757479799   	171.491386219248    	
-16.7167607074153   	-27.1037569186371   	171.499151504985    	
-17.70845852031     	-26.3500837726773   	164.529969665183    	
-17.3664946824405   	-25.2104551379165   	164.514995574355    	
-16.8079819885418   	-24.0594556558515   	164.522479631434    	
-16.29204541277     	-22.9268294017312   	164.494201774754    	
-15.7197432163894   	-21.80200026374     	164.503582088878    	
-15.1800468590067   	-20.6596084691802   	164.499770770889    	
-14.5587610183607   	-19.5526910332327   	164.507026106804    	
-13.9542137334223   	-18.4437333473152   	164.486222434289    	
-13.3660203529979   	-17.3380372393576   	164.523452601604    	
-12.7491882837618   	-16.188649956697    	164.524251674898    	
-12.1390722843124   	-15.120260017627    	164.537657510431    	
-11.4728881575712   	-14.074187737624    	164.485850493902    	
-10.8437290858393   	-12.9640266085912   	164.536279593717    	
-10.2148090847528   	-11.9028141286304   	164.496514237577    	
-9.54529475566816   	-10.8046959925835   	164.496976845138    	
-8.86357536438145   	-9.74417628226925   	164.516200723561    	
-8.14027577182892   	-8.67974186929601   	164.489569647907    	
-7.45409013507456   	-7.63486858700714   	164.508005616026    	
-6.75439323232308   	-6.58106561817543   	164.497795498117    	
-6.08558847719933   	-5.52995168993126   	164.468457058204    	
-5.3337720006907    	-4.52298180937802   	164.498273648732    	
-4.5932028752994    	-3.45033676632829   	164.485552916314    	
-3.8355353142014    	-2.45225966878325   	164.482217371111    	
-3.06822109704172   	-1.44519426683567   	164.501295458663    	
-2.32771158816056   	-0.402821884736478  	164.513915443875    	
-1.52991837208138   	0.595053230837254   	164.503653427591    	
-0.759056578548969  	1.58894696528763    	164.473897930543    	
0.0121379511019757  	2.54667977575635    	164.502262970793    	
0.824065227299161   	3.53692659775482    	164.463437016211    	
1.65605091677921    	4.53150515894055    	164.493050193718    	
2.44781713998382    	5.45018309902557    	164.481988329491    	
3.2638084980413     	6.42358404683113    	164.496325819066    	
4.14355038303384    	7.35342627021887    	164.524668013872    	
4.99061917391027    	8.26744679674708    	164.488215213822    	
5.83901813756246    	9.22400758208485    	164.475256352086    	
6.70047347464956    	10.1134885745045    	164.524639867211    	
7.56465505014565    	11.0465131761301    	164.498191080151    	
8.45782781068032    	11.9827935057244    	164.527767588683    	
9.31577057269496    	12.8536148148055    	164.525156832528    	
10.2510178424992    	13.7719584731566    	164.505919802917    	
11.1173938215298    	14.6457226146773    	164.518036964121    	
12.0503969132709    	15.4811108911377    	164.496241590888    	
12.9942656241534    	16.4134201671365    	164.484403004968    	
13.8652910792537    	17.2258732716339    	164.518308978418    	
14.8084564066448    	18.1245026498696    	164.499597872127    	
15.7586717903342    	18.962130768073     	164.501264214308    	
16.6956856355828    	19.8038902303096    	164.479734003579    	
17.648146357607     	20.6092153777899    	164.533412879917    	
18.6059605665939    	21.4568229262915    	164.512730081544    	
19.5453840841529    	22.2969748578332    	164.496009808924    	
20.206553450789     	22.2731090116977    	164.499074360413    	
19.3030376272748    	21.3600653173975    	164.524458101852    	
18.4071527170909    	20.4408842419105    	164.508800728462    	
17.5503797869408    	19.5542571640209    	164.546717713253    	
16.664161227668     	18.6608003937868    	164.510953423168    	
15.8357978831599    	17.7186118260778    	164.492867410298    	
14.9620176332268    	16.7833593417021    	164.487222015612    	
14.0467999386176    	15.868277941012     	164.482959935469    	
13.1924781269786    	14.919535148961     	164.537684318892    	
12.3473177936279    	14.0037775681929    	164.531946940543    	
11.5070030643136    	13.1148119601225    	164.511247417922    	
10.6451191397227    	12.1540829851218    	164.492856414715    	
9.78899406646455    	11.2263307869287    	164.511500713845    	
8.97466885457714    	10.2750539190904    	164.504903219687    	
8.12300914317137    	9.32093646666152    	164.497900247137    	
7.26818012946818    	8.38414374362369    	164.48772122377     	
6.4668444498532     	7.41308207452663    	164.487125215515    	
5.67317897054355    	6.47112618337425    	164.524346999591    	
4.81375460700095    	5.50731168161084    	164.493054455211    	
4.01012820209267    	4.53682115839837    	164.494058421184    	
3.19049703563579    	3.59506088428093    	164.502920662037    	
2.39353737443564    	2.63423363508979    	164.517247184804    	
1.56939580310358    	1.57925210784434    	164.485439953957    	
0.77434786136147    	0.610034169170943   	164.495638561188    	
0.0232505307454206  	-0.3590972169787    	164.514693549966    	
-0.750537321755254  	-1.35800901744302   	164.472303659986    	
-1.52986917976374   	-2.36933833800805   	164.516510526256    	
-2.32038349964287   	-3.33126863624493   	164.504288008885    	
-3.11577421026467   	-4.34545940569902   	164.510304257192    	
-3.84601942570231   	-5.39559616317164   	164.476801573167    	
-4.59735798540537   	-6.36617079298079   	164.499693454059    	
-5.36359984848156   	-7.4120888784013    	164.500816836546    	
-6.0399412695107    	-8.43286764438305   	164.489544992389    	
-6.81133959995115   	-9.44360170414755   	164.527660184018    	
-7.55645877206002   	-10.4724451073928   	164.505092385205    	
-8.25754126378067   	-11.52571896207     	164.519996188082    	
-8.93302193074657   	-12.5662199313861   	164.501474780821    	
-9.6739035532799    	-13.6124224279421   	164.53914169264     	
-10.350405881084    	-14.67947043127     	164.514094689073    	
-11.0833386614679   	-15.7114722179658   	164.472171122971    	
-11.7509880696046   	-16.7775094860004   	164.522486615925    	
-12.451454402256    	-17.8420408769484   	164.454326797851    	
-13.1161457685096   	-18.9081548323288   	164.487731062637    	
-13.772123304292    	-19.9592412263632   	164.491157618941    	
-14.3853465731345   	-21.0638843688212   	164.504990918268    	
-15.044931990789    	-22.1574623061888   	164.491816798982    	
-15.7454672144562   	-23.2192181912142   	164.507160061539    	
-16.3312673331785   	-24.3247416538135   	164.490667062128    	
-16.9912540628608   	-25.3957882376433   	164.52005331612     	
-17.7216895967241   	-26.3282690289967   	164.486706161762    	
-18.7292574160659   	-25.602849815552    	157.500123504097    	
-18.401556829623    	-24.5214929994413   	157.522915380435    	
-17.8733145591621   	-23.3494356189437   	157.50690694725     	
-17.3070102567758   	-22.2261667996978   	157.53710170387     	
-16.7412580107059   	-21.1229872715492   	157.499279062753    	
-16.159787710587    	-20.0309236352894   	157.504411249051    	
-15.5736953274631   	-18.8961658116249   	157.472332432849    	
-14.9395476365259   	-17.8320553200403   	157.4787191649      	
-14.3760335821249   	-16.732144937154    	157.528318951347    	
-13.6817671874557   	-15.6836537739319   	157.481009676296    	
-13.059278901983    	-14.567678356622    	157.506880357131    	
-12.417318180842    	-13.5493356719082   	157.530877018226    	
-11.766062124129    	-12.4454636202797   	157.482003791354    	
-11.111442666605    	-11.431385790293    	157.52369403026     	
-10.4442154859635   	-10.34431662014     	157.471761083408    	
-9.75678785853519   	-9.34840667704588   	157.48477801325     	
-8.97716553970056   	-8.27666562258352   	157.500098136081    	
-8.30242074661936   	-7.26193507039241   	157.529669197174    	
-7.58399378136941   	-6.24323939029657   	157.506916829794    	
-6.83165530577028   	-5.23527052931251   	157.487470197376    	
-6.02982038013124   	-4.28559961428693   	157.476967919719    	
-5.29743490314487   	-3.22726299415572   	157.486603493134    	
-4.54153515819202   	-2.29308548721502   	157.51478524205     	
-3.70085219969966   	-1.29476070089457   	157.49392040618     	
-2.88983971906085   	-0.367529595858596  	157.499418444077    	
-2.08213023679023   	0.586091202742856   	157.470827772732    	
-1.29233117288442   	1.54299448282915    	157.494465991507    	
-0.453319246427762  	2.42116217964506    	157.477570092104    	
0.376826102214725   	3.39100283836706    	157.486534977588    	
1.26773873528552    	4.27521970961972    	157.503963178521    	
2.15811839309492    	5.19265035455939    	157.489249303591    	
3.04084426336009    	6.09521343444099    	157.478887073595    	
3.87733412942333    	6.92811119090599    	157.493113925363    	
4.78379823944796    	7.81358483434161    	157.491862809095    	
5.74229215021475    	8.64573594498872    	157.535047089429    	
6.67163582916307    	9.47173184123421    	157.527804265931    	
7.63330921275758    	10.3181725818346    	157.472558417228    	
8.58708076564396    	11.1041969083576    	157.50979668629     	
9.51480212661653    	11.8933938000848    	157.518446579831    	
10.4615095275829    	12.7051082940792    	157.511022847306    	
11.4804078914181    	13.4771008527446    	157.502315475744    	
12.4675976715257    	14.1909685302559    	157.511273264282    	
13.4623382936454    	14.9541539699879    	157.498704206515    	
14.4724497519256    	15.6534815944075    	157.501734001785    	
15.5557831426323    	16.3955882409355    	157.480958290682    	
16.5930288072253    	17.1095750879203    	157.499567509116    	
17.6503561854365    	17.7382237273324    	157.503265406007    	
18.7075506384288    	18.3705126456514    	157.491659748104    	
19.7752501033591    	19.0284760140174    	157.535159370835    	
20.906657080722     	19.6264277945788    	157.489324935062    	
21.7791443726968    	19.6518182879151    	157.525073887575    	
20.8178342544535    	18.9615403684929    	157.473300582865    	
19.8152795380986    	18.176723452065     	157.469942751986    	
18.8289516966699    	17.3771140836599    	157.501223976376    	
17.8180941913079    	16.6436111219393    	157.52242729391     	
16.868424447787     	15.8362264608252    	157.50360050301     	
15.9201152633533    	15.0830535130429    	157.492299038948    	
14.9414117390301    	14.2816506507537    	157.515927150163    	
13.9699843407091    	13.4652791063196    	157.502987839669    	
13.0366636171076    	12.6317190405964    	157.50047508103     	
12.0788730597496    	11.8133892729521    	157.477484336887    	
11.1777515464046    	10.9707436094676    	157.514157638477    	
10.2565385989882    	10.1600143523052    	157.521536441351    	
9.33971922817326    	9.25989254536203    	157.514680095199    	
8.43680966998537    	8.39217865837451    	157.494672994163    	
7.54997268761479    	7.49542696902169    	157.473976354274    	
6.63327962050904    	6.65759613394487    	157.498103144912    	
5.76944652622906    	5.75135023990946    	157.511490556039    	
4.87520028811411    	4.8825012737702     	157.500648708413    	
4.0104976503183     	4.01092447350228    	157.479407222951    	
3.15391218345049    	3.0885485475653     	157.485794694106    	
2.26030773981138    	2.20832701360261    	157.485495298477    	
1.4261308603128     	1.2582785488337     	157.494229358565    	
0.610546014900781   	0.349275555953799   	157.499654353327    	
-0.259408356000676  	-0.552036404320195  	157.475457512596    	
-1.08267423680416   	-1.49438752723979   	157.514499366178    	
-1.93407886677775   	-2.44320901534354   	157.510176956296    	
-2.73126794537866   	-3.42476916608897   	157.491042170238    	
-3.50187481451579   	-4.38240481805701   	157.511639475269    	
-4.30018181456295   	-5.33634516932047   	157.50720641755     	
-5.10420999527957   	-6.33547781451106   	157.48437762393     	
-5.88273275968796   	-7.2481401441283    	157.513453034721    	
-6.65827873663106   	-8.25933881745347   	157.494248694886    	
-7.42407212803556   	-9.22607459199055   	157.522057684724    	
-8.21879616185517   	-10.2543326352959   	157.486390324876    	
-8.96554299252535   	-11.2216617618104   	157.485373405916    	
-9.64925355320547   	-12.2810835289724   	157.509774914307    	
-10.4554055145773   	-13.2147466901415   	157.476000074154    	
-11.1431541590121   	-14.2695837257095   	157.50191969343     	
-11.8920580206187   	-15.2867303121041   	157.483659274541    	
-12.5917114388234   	-16.3042647222308   	157.525469268466    	
-13.3107444841424   	-17.3412262591159   	157.527062576293    	
-13.9611202099719   	-18.3490947172061   	157.506385194295    	
-14.6740490881046   	-19.4278094306246   	157.483688456712    	
-15.3551199962094   	-20.4805243202047   	157.47960957521     	
-16.0427958729814   	-21.5378982617885   	157.505972813987    	
-16.6960850745463   	-22.5868590154292   	157.511389889126    	
-17.3321810459119   	-23.6528386864204   	157.528291148546    	
-18.0241196751684   	-24.7674590114606   	157.505078790187    	
-18.7536575666904   	-25.6009616301398   	157.503154256567    	
-19.7627332380719   	-24.9131818972761   	150.499467416718    	
-19.4078162507713   	-23.8253954722245   	150.55219413832     	
-18.8536779532744   	-22.650362220161    	150.49836679228     	
-18.3367788196598   	-21.6006230106137   	150.456729852613    	
-17.7762752073835   	-20.4879254970787   	150.488586175489    	
-17.1704904697935   	-19.3552104776703   	150.485397923736    	
-16.5925731607772   	-18.2728252071265   	150.51040467838     	
-16.0038150343149   	-17.215656832631    	150.503793569921    	
-15.4156545402093   	-16.1098782767739   	150.493077541714    	
-14.7706858436549   	-15.0770624533941   	150.526831971195    	
-14.0960882878925   	-14.001047085226    	150.512887707211    	
-13.4400001989059   	-12.9267815200782   	150.516218810458    	
-12.7650342909563   	-11.8747999247994   	150.499680927435    	
-12.0766481569831   	-10.8565655394627   	150.505790409021    	
-11.3751296751521   	-9.84281216774468   	150.480031595091    	
-10.6781118265972   	-8.78510689820303   	150.505628854932    	
-9.98234787101074   	-7.79107558072067   	150.514539168608    	
-9.24877435982734   	-6.81038581514198   	150.496368269162    	
-8.44436759378002   	-5.79892383227098   	150.488533575097    	
-7.6369317040484    	-4.84803874358075   	150.495578612821    	
-6.89179705144363   	-3.87611772503213   	150.491303245248    	
-6.09925840478308   	-2.92703431130506   	150.509468624934    	
-5.28460394393927   	-1.99755446573592   	150.51360333624     	
-4.49103488868631   	-1.0475701064339    	150.513951489773    	
-3.63246349224599   	-0.143422611661898  	150.51509470187     	
-2.76273418780789   	0.755636289417133   	150.472179318226    	
-1.89463630881483   	1.6210859637598     	150.493673038095    	
-1.02426500098047   	2.54842246274543    	150.482644462778    	
-0.11541084152936   	3.37753764317426    	150.475388302699    	
0.798841392675332   	4.24442712566641    	150.534081733165    	
1.69954269309456    	5.05369683014922    	150.520195327975    	
2.64974518346806    	5.87740683853976    	150.512814031301    	
3.64130125332739    	6.62729869178932    	150.478662687287    	
4.58479718616646    	7.44005539107224    	150.518118660914    	
5.58160529099501    	8.15265537579325    	150.526049239848    	
6.55281285090579    	8.89819917305475    	150.508389276668    	
7.58269448077355    	9.71476228587161    	150.501676920116    	
8.58097605271207    	10.3615389875528    	150.510404521869    	
9.63295981198558    	11.0586572232601    	150.502711247581    	
10.6578816732551    	11.7476735437744    	150.515745151683    	
11.7538642315953    	12.32781986469      	150.467536763813    	
12.8831479703056    	12.9459940316162    	150.497414035652    	
13.9311091074658    	13.5000459310066    	150.512008617437    	
15.090515231146     	14.0757222043034    	150.475533734925    	
16.1663953883536    	14.6115396760236    	150.505833169182    	
17.2926275998981    	15.0627316516099    	150.488674300471    	
18.4636990326113    	15.5278736488016    	150.487578555117    	
19.640731193727     	15.967425195228     	150.539151007097    	
20.8014154475419    	16.3386974666622    	150.468440666809    	
21.9970084393521    	16.6912996975415    	150.45193754852     	
23.1904524490676    	16.855238503991     	150.474914630758    	
22.3561513947393    	16.1432654143494    	150.49618122425     	
21.2909221437825    	15.6051895257523    	150.486990744943    	
20.1712685669676    	15.013537934648     	150.520812213203    	
19.1212175795586    	14.4391308360939    	150.495280725037    	
18.0142494239783    	13.7898902599377    	150.481272622555    	
16.9520043996313    	13.1655989492549    	150.471863455003    	
15.9215990399556    	12.5008733583023    	150.512467332287    	
14.8477474038162    	11.8097374380254    	150.511562210296    	
13.8258992350976    	11.093218311801     	150.500739102348    	
12.8338212122957    	10.424427422346     	150.503597376011    	
11.8007088792335    	9.68651412806254    	150.492256929073    	
10.7942052673722    	8.91386569853911    	150.508585933066    	
9.78374725121443    	8.20054267422806    	150.503646414829    	
8.82678156034369    	7.45817862918704    	150.509201021982    	
7.88635335516169    	6.6275691442453     	150.49134275763     	
6.88981852024972    	5.85922877958676    	150.509820984308    	
5.96275945511684    	5.09526786440348    	150.493309146661    	
4.99076721640306    	4.29738133871732    	150.504149563851    	
4.05970487342854    	3.44136677858115    	150.511393026494    	
3.10749675966045    	2.62085566018056    	150.519037712264    	
2.2618261859841     	1.80009479445817    	150.497195582862    	
1.30904759532833    	0.956012387904087   	150.53304607027     	
0.399561823983904   	0.108314853031278   	150.465636089626    	
-0.485334604909008  	-0.776694697389171  	150.504770613665    	
-1.35449349959034   	-1.63810703481009   	150.512779994481    	
-2.20265795956029   	-2.5186197214016    	150.481922105323    	
-3.10229374759407   	-3.44485512585454   	150.494375895222    	
-3.98341677041286   	-4.37334918622714   	150.502629605595    	
-4.78414154037227   	-5.22795682782271   	150.48006051447     	
-5.62848775842164   	-6.17591597949403   	150.478330611318    	
-6.44107098572696   	-7.10472122947792   	150.467216026716    	
-7.24761085955352   	-8.03349752324777   	150.541899922106    	
-8.09762149146879   	-8.97238941980174   	150.510013294594    	
-8.86327563737424   	-9.99647142717798   	150.50952952369     	
-9.65992317359263   	-10.8943937111176   	150.51706577329     	
-10.4293873664889   	-11.8635331316348   	150.481938603648    	
-11.2071697570927   	-12.9011271032251   	150.504217434309    	
-11.9673448177179   	-13.8481400782363   	150.511856252545    	
-12.6886453010006   	-14.825717324477    	150.530318797632    	
-13.4424696049086   	-15.833041882599    	150.498976851647    	
-14.1703046895028   	-16.8297096851277   	150.537533400479    	
-14.9242291325361   	-17.8415514513643   	150.459567083952    	
-15.5913401048617   	-18.8482476198762   	150.507116488897    	
-16.2977363145682   	-19.8661587415837   	150.523588264147    	
-16.9906169573046   	-20.9201497649426   	150.507173596459    	
-17.7230888540918   	-21.9788922732554   	150.526603705551    	
-18.3578480369364   	-23.0070895850207   	150.514517168205    	
-19.0337339395494   	-24.0538376393762   	150.519442454213    	
-19.7524106521261   	-24.9058479562478   	150.476616697187    	
-20.7983579974804   	-24.3031866575719   	143.476637788647    	
-20.4511625305994   	-23.2049315322626   	143.506605916812    	
-19.9086656315982   	-22.0606025030416   	143.507835595677    	
-19.3738826336635   	-20.9561897015479   	143.526971579261    	
-18.8232662646882   	-19.8180182944667   	143.511598729808    	
-18.2031073332674   	-18.754001957017    	143.508285539794    	
-17.6363047128844   	-17.6643064184472   	143.472603783007    	
-17.018437710847    	-16.5700959408227   	143.492232930801    	
-16.3749837650656   	-15.4931501708325   	143.515131632695    	
-15.740533339456    	-14.4241446343163   	143.513019821568    	
-15.037504602682    	-13.3705128893297   	143.493733920047    	
-14.371314037023    	-12.3678373524519   	143.482086768756    	
-13.7171644124793   	-11.2886711126065   	143.4882534244      	
-12.9733606756379   	-10.2709371256042   	143.545040574263    	
-12.2603954562734   	-9.25020961891252   	143.500763844148    	
-11.5707984522834   	-8.24749609345416   	143.516672184025    	
-10.8205445593723   	-7.24779019519584   	143.518559368787    	
-10.0133827256398   	-6.2574252609311    	143.50985613509     	
-9.23040091370425   	-5.35687826371863   	143.499856670773    	
-8.46052859222039   	-4.37750770103785   	143.515509912823    	
-7.59205077764616   	-3.44109435865031   	143.501390603963    	
-6.76165902224625   	-2.51587084970762   	143.474034876926    	
-5.95817098737672   	-1.6003410845254    	143.485325389125    	
-5.07061343273988   	-0.702598720283107  	143.484248439004    	
-4.16910237899169   	0.200666915766914   	143.507252186772    	
-3.29498655243928   	1.08502861284215    	143.49285135008     	
-2.42704994483412   	1.91789892439815    	143.466678476232    	
-1.46034679792796   	2.72241915483038    	143.471705190207    	
-0.531153552558995  	3.58615012324175    	143.510298234364    	
0.459045710255428   	4.37907142968067    	143.516519158663    	
1.4022733548959     	5.14095617114631    	143.530750358928    	
2.40176946449219    	5.88363635613158    	143.479420213236    	
3.37423067724904    	6.63814662748148    	143.523449369321    	
4.42577066558796    	7.35256036089745    	143.5205593618      	
5.46894796290044    	8.03329474325114    	143.489641560447    	
6.504613945095      	8.74495416728609    	143.487291658172    	
7.58484371383065    	9.35526362854246    	143.49426811548     	
8.66866885592218    	9.91025999697652    	143.532652416602    	
9.77313573138871    	10.5366007671876    	143.520722467155    	
10.8878051851453    	11.0311864668609    	143.499737195416    	
12.0293217745295    	11.5626743942098    	143.497183118657    	
13.1922228460726    	12.0888203721668    	143.482151185762    	
14.3421085546256    	12.4343811334689    	143.485588265786    	
15.5375307660168    	12.8814139823055    	143.484717388486    	
16.7038929352645    	13.2437056550769    	143.514558058679    	
17.9226398645796    	13.5028621079763    	143.535841447009    	
19.1625375525444    	13.8006558686129    	143.479973056229    	
20.3764287588258    	13.9676629659129    	143.49001796542     	
21.5990736765655    	14.0949831209979    	143.484489521061    	
22.8781207559732    	14.2122090283111    	143.515989916273    	
24.0750203088105    	14.1999982650487    	143.471431404393    	
23.8559180801338    	13.6507989548036    	143.50789872561     	
22.6713461917547    	13.3025621435127    	143.51946826691     	
21.4530032229037    	12.9196459219178    	143.536486855812    	
20.3241445844853    	12.4854992832469    	143.501773633101    	
19.1735173314758    	12.0120679462618    	143.476009798349    	
17.9923046834135    	11.5019513158379    	143.533747452265    	
16.8687726758414    	11.0474636108675    	143.502988425323    	
15.7898957405609    	10.4894179608118    	143.469206801306    	
14.6533432032091    	9.90404108478868    	143.502768211032    	
13.5439820437757    	9.31076860526674    	143.47667820591     	
12.4867932888538    	8.6727110537607     	143.46124102197     	
11.4075458629729    	8.05513904957581    	143.50409704029     	
10.3376893952474    	7.39679076430711    	143.510046453856    	
9.29279664054993    	6.68801005741124    	143.503147373832    	
8.27743549845505    	5.98916114917737    	143.508212614115    	
7.25970648248486    	5.29353498575363    	143.486227245226    	
6.25066961234513    	4.55721333530456    	143.501737724489    	
5.23904970317575    	3.82744242773419    	143.483212891647    	
4.23848269334485    	3.08131121150317    	143.505193300047    	
3.24951971515006    	2.26763063256618    	143.51669626754     	
2.34246326595972    	1.52749087297646    	143.496029060973    	
1.33674480826926    	0.687997183081433   	143.51245897127     	
0.411660818599571   	-0.114601529523473  	143.533974647265    	
-0.572309809430138  	-0.889959911203146  	143.506406236469    	
-1.45111973736247   	-1.75612905246037   	143.496893771308    	
-2.37261927586939   	-2.623782738754     	143.492231589433    	
-3.2803468242842    	-3.44082720509127   	143.499543012496    	
-4.16069749902837   	-4.29183126532363   	143.504720901387    	
-5.09443553441617   	-5.19579239481173   	143.475840365518    	
-5.9878264490959    	-6.06970856731927   	143.506494373836    	
-6.84439423608804   	-6.95348253932589   	143.442186551902    	
-7.65574017550987   	-7.85307479150141   	143.535482251198    	
-8.52461873803166   	-8.74607246227935   	143.509187697343    	
-9.37080327207334   	-9.68583304336086   	143.459258159496    	
-10.2375972142284   	-10.6096618957778   	143.478493623568    	
-11.0067601946015   	-11.5694025375397   	143.529162028527    	
-11.8041109971586   	-12.4595348887027   	143.534220540743    	
-12.592621138868    	-13.4582595203024   	143.520346459684    	
-13.4353273216177   	-14.4534162220179   	143.504101722892    	
-14.1858550467208   	-15.3819047563966   	143.500480912569    	
-14.9313283522924   	-16.3381276350881   	143.457073834309    	
-15.6899461327793   	-17.3712083539463   	143.49559112022     	
-16.4430727490264   	-18.3355045586038   	143.483785283944    	
-17.2061508562751   	-19.3395146173965   	143.499596774918    	
-17.9243470438207   	-20.3657284540749   	143.500426274712    	
-18.6123550782928   	-21.3889121801265   	143.496097105493    	
-19.3439147113453   	-22.4074062851254   	143.506997035479    	
-20.039009112122    	-23.4757544546024   	143.515235409746    	
-20.7976579780589   	-24.3286819664493   	143.530781951667    	
-21.4487724597736   	-23.5124708383162   	136.465200172049    	
-21.1470455932736   	-22.3483762185709   	136.47354988157     	
-20.6189266528244   	-21.2877804933991   	136.531181603727    	
-20.0112514489663   	-20.1485248332839   	136.498828375799    	
-19.4574801949984   	-19.0256957880931   	136.497695102965    	
-18.8518448635592   	-17.9387855888998   	136.487145921274    	
-18.2837259075689   	-16.8555039195153   	136.545376958822    	
-17.6372578156546   	-15.7694809579307   	136.501086068027    	
-17.0334582190579   	-14.6857952101249   	136.497551640819    	
-16.3725969044613   	-13.6336830291856   	136.484872889822    	
-15.7023205394032   	-12.5435653230502   	136.481731607739    	
-14.9802914123471   	-11.5094169404597   	136.528999681848    	
-14.3079075009011   	-10.4846065357595   	136.52676703918     	
-13.5658944642679   	-9.44857519922541   	136.508921460756    	
-12.8623392973237   	-8.45317781075376   	136.495262814652    	
-12.1044754334541   	-7.44582944514946   	136.488393085566    	
-11.3309035406141   	-6.46072486965075   	136.491165390882    	
-10.5674113569802   	-5.50402042937724   	136.477338122945    	
-9.68220316617305   	-4.53548767981564   	136.465729195637    	
-8.91705442007074   	-3.60406560024927   	136.51146499273     	
-8.07808981823153   	-2.68582620150958   	136.49654306485     	
-7.22507586994806   	-1.76051027571195   	136.497269817454    	
-6.32413731708105   	-0.879381114662293  	136.538362838182    	
-5.45186670053768   	-0.0240179377866121 	136.496429642088    	
-4.51755683245691   	0.849556410873442   	136.457418844961    	
-3.56643505765158   	1.69577205420118    	136.507315203376    	
-2.64076491088608   	2.46884635718298    	136.511704019029    	
-1.65869627228448   	3.27360213407918    	136.521045494178    	
-0.672648094561943  	4.05547763990082    	136.525203411151    	
0.307683195517591   	4.78290110488607    	136.513267304753    	
1.34784205805401    	5.54724447222068    	136.504225448397    	
2.42094489672894    	6.17984442699322    	136.508586383098    	
3.45093957853819    	6.82124907791258    	136.516941508617    	
4.52357486508935    	7.46160691566917    	136.54381273288     	
5.59683973591255    	8.1244189634958     	136.501491444965    	
6.72194241508419    	8.64060605342792    	136.490329993359    	
7.86292724347047    	9.20442253937497    	136.469638571249    	
9.0128372038972     	9.70930627121469    	136.50128917086     	
10.1887958368565    	10.1239685690088    	136.54954012791     	
11.3789685661085    	10.5444475053088    	136.506659122497    	
12.5374329802958    	10.8961789454241    	136.536790991253    	
13.7548792862648    	11.2601597953765    	136.477973485844    	
14.9871371938696    	11.4620608103495    	136.503770992392    	
16.2262850548922    	11.7361424652904    	136.46734467089     	
17.4424695760593    	11.8682206249023    	136.503258154506    	
18.7064187788553    	11.9202890224823    	136.511012919583    	
19.9542754920099    	11.9806890955234    	136.489334759185    	
21.167441951814     	11.9872675247537    	136.495781482707    	
22.4558532382203    	11.8858866455384    	136.507155456807    	
23.6907591584912    	11.7694567387944    	136.476491310386    	
24.9287157427453    	11.5792836156344    	136.508665711891    	
25.4487727064367    	10.9837576392849    	136.506868666546    	
24.2125813041128    	10.8658303200661    	136.483418781276    	
22.9633487273322    	10.6720573716728    	136.503034438663    	
21.7292601558851    	10.4296892897508    	136.463917541391    	
20.4973106443689    	10.1659921469958    	136.485371227294    	
19.3113397462462    	9.85695269130813    	136.493057932909    	
18.1436448395324    	9.48047773045246    	136.511325309912    	
16.9237002374625    	9.13163726512106    	136.493456175329    	
15.7194228358746    	8.72914976319267    	136.480273057897    	
14.5698355745811    	8.24186690163709    	136.504320060028    	
13.4224363370853    	7.77482988337667    	136.521908006387    	
12.3168946443098    	7.27932440944763    	136.521844096656    	
11.1414371141082    	6.7084833015228     	136.500671434564    	
10.0323598691079    	6.17003384468783    	136.497184006867    	
8.93049050634567    	5.53236126643454    	136.476333135576    	
7.85091658409103    	4.94630523108371    	136.492402771009    	
6.78282572202186    	4.30346164099908    	136.480481377121    	
5.73664713054504    	3.61280102096482    	136.502997209382    	
4.67204979556398    	2.97768423452647    	136.515258611878    	
3.61409641053349    	2.25526787066395    	136.505595994571    	
2.61173892523843    	1.53345787033126    	136.526549523416    	
1.62122887438657    	0.799726478678271   	136.503671291713    	
0.613139523267156   	0.066446964741875   	136.497326711073    	
-0.318981975551513  	-0.736795705298368  	136.514808237756    	
-1.33808303543169   	-1.51337450941229   	136.532730024767    	
-2.29027399049616   	-2.32104603533006   	136.473606547583    	
-3.26242226578855   	-3.13476178163806   	136.475453350093    	
-4.16013116983143   	-3.96948309888      	136.522273733378    	
-5.12909959485463   	-4.81025969138156   	136.466292344141    	
-6.04088897645002   	-5.64514232082188   	136.502942713471    	
-6.97072713055098   	-6.53993364646051   	136.509698807861    	
-7.830519077145     	-7.3495813505216    	136.520949570336    	
-8.71832884972629   	-8.28325609715308   	136.542940502429    	
-9.59706575600108   	-9.17522872283318   	136.50533752102     	
-10.4561572129739   	-10.0698821056034   	136.52074163241     	
-11.3070594014139   	-10.9848338995713   	136.524524371924    	
-12.1611361060745   	-11.9482213973538   	136.520261825123    	
-12.9668368605386   	-12.8503744964991   	136.486422786565    	
-13.7947779624822   	-13.8178546500835   	136.484214402246    	
-14.6078068144622   	-14.7514246969789   	136.505871815514    	
-15.4027771969017   	-15.682260249527    	136.491709222883    	
-16.1969477184529   	-16.6783724227514   	136.502660112911    	
-16.9648853809773   	-17.6472142397302   	136.539877585521    	
-17.7175685369207   	-18.6554204662355   	136.518267964408    	
-18.4777071139664   	-19.6042250576349   	136.489877302085    	
-19.2380820206394   	-20.658598094143    	136.475111919612    	
-19.9831049428402   	-21.6261385062762   	136.534073155904    	
-20.6811115652043   	-22.6791585240373   	136.504842190423    	
-21.4518520214525   	-23.5317355262022   	136.517457246505    	
-22.0919643966034   	-22.6462719840197   	129.491719447841    	
-21.7386298630972   	-21.5207565224164   	129.518917272221    	
-21.1857127260117   	-20.3910164330944   	129.509676888165    	
-20.6858234651918   	-19.2673692675484   	129.528828204247    	
-20.0926973831159   	-18.1253947483549   	129.508270849213    	
-19.497651530399    	-17.0067930019245   	129.531254963184    	
-18.876307081868    	-15.9043613307503   	129.470344647767    	
-18.2840763746202   	-14.8083874060913   	129.513389568408    	
-17.6146444480434   	-13.7020088696093   	129.50228549967     	
-16.9639563651016   	-12.6569441974005   	129.475872215001    	
-16.2915144935872   	-11.6012668955461   	129.46110905506     	
-15.6064200368744   	-10.5455725047664   	129.497683351315    	
-14.8966737760115   	-9.51973530124591   	129.5005293172      	
-14.1174526740521   	-8.467209814303     	129.507891976086    	
-13.3484448453953   	-7.51586207808827   	129.525381755545    	
-12.5935290851627   	-6.4457368979148    	129.511134845383    	
-11.790782188588    	-5.4722692725879    	129.458212962708    	
-10.9475692465171   	-4.58454641643292   	129.489133456163    	
-10.1174349175718   	-3.6200425780666    	129.50629540802     	
-9.25971037231261   	-2.7149735223436    	129.499746526065    	
-8.40940267739284   	-1.78172418734848   	129.509691362413    	
-7.49320230717293   	-0.864648484250178  	129.516692629592    	
-6.54949376775143   	-0.0423161863656944 	129.505108484249    	
-5.66142461062946   	0.807581726048446   	129.527163726267    	
-4.69119679100398   	1.58334402853164    	129.501976941249    	
-3.66430422701095   	2.39472146935874    	129.500033606844    	
-2.70984303333355   	3.1308951068016     	129.522331809453    	
-1.71031010744724   	3.89144017465239    	129.514578472409    	
-0.602077324457434  	4.62167079479373    	129.498509592424    	
0.440371400878569   	5.3337462889261     	129.493510648374    	
1.5422849568325     	5.93646801994586    	129.495123329585    	
2.63269225706904    	6.60268782849615    	129.498671999024    	
3.72569514688991    	7.12636173052906    	129.505402186431    	
4.8493070700191     	7.67321449899451    	129.512788644268    	
6.02439004846754    	8.20690437441916    	129.490520887334    	
7.22821984358672    	8.68438079362345    	129.52932759715     	
8.3901416766691     	9.05452630610402    	129.498379811289    	
9.57591507421063    	9.46027785647222    	129.536741814719    	
10.8494875167029    	9.74878933604943    	129.487252303422    	
12.0894088285849    	10.025199088092     	129.493514007471    	
13.2892604102705    	10.19358558587      	129.492301867551    	
14.5440211987791    	10.371855631147     	129.513350956278    	
15.8112433218667    	10.4650889673215    	129.490344852399    	
17.0846848029824    	10.5097557614024    	129.505485346752    	
18.3487392210747    	10.4148967613922    	129.54113246905     	
19.5935239907494    	10.3624008301455    	129.485116991655    	
20.8076353982434    	10.2026307244698    	129.516684263526    	
22.0812449228444    	9.99285804840593    	129.489320321417    	
23.307193200837     	9.72434605660393    	129.492234773258    	
24.565618399482     	9.42453242045738    	129.486288555236    	
25.7177255336615    	9.03765774183041    	129.523826101348    	
26.8753615026275    	8.53412308053628    	129.52190020195     	
25.8378348562314    	8.28022086905524    	129.478830055762    	
24.5442130398846    	8.28824556863284    	129.486529704202    	
23.3253802837807    	8.24860781776357    	129.505009506995    	
22.023599833576     	8.16311709974149    	129.470900210914    	
20.8098982480295    	8.06099338582372    	129.490036778341    	
19.5499295030972    	7.83018326919993    	129.511563918902    	
18.3512087495059    	7.64716073904263    	129.508133277465    	
17.0611643310938    	7.36843592909704    	129.489460760463    	
15.8198710911738    	7.05660251097191    	129.517464917262    	
14.636669285914     	6.73613219520002    	129.493586094595    	
13.4103241734292    	6.36502550523273    	129.516947363963    	
12.261053339245     	5.98856127552922    	129.50504688044     	
11.0432654862199    	5.48310483452923    	129.50220232665     	
9.87458556036369    	5.04662511793135    	129.493096817318    	
8.68631710367624    	4.55544660591413    	129.521231132374    	
7.61007532758639    	3.99885207985107    	129.489664200789    	
6.42222824432183    	3.42304486536261    	129.48356848791     	
5.39619494443271    	2.82958742234589    	129.498357271645    	
4.26325365215436    	2.24097695582636    	129.475849218797    	
3.1860788693199     	1.56609896390407    	129.507503379228    	
2.08986814009393    	0.922437500155692   	129.532512061672    	
1.03687812950089    	0.229014380766788   	129.510854251361    	
-0.0156483960078614 	-0.477476947832449  	129.515339399209    	
-1.02063204800285   	-1.23531854601813   	129.503321657605    	
-2.08691586290285   	-1.9172550448095    	129.513023625695    	
-3.06495324145577   	-2.72425085061143   	129.515845773343    	
-4.04907205066834   	-3.48271711880327   	129.52370325496     	
-5.02358008296603   	-4.26795640860798   	129.508258310801    	
-5.99582034634042   	-5.11385370242923   	129.486381343122    	
-6.92230148996106   	-5.9361877993663    	129.504654718004    	
-7.8801473431748    	-6.761614442861     	129.496321637774    	
-8.79560405974351   	-7.63466657845531   	129.486591717544    	
-9.72214770816309   	-8.49184556988637   	129.521054137535    	
-10.6516707884081   	-9.43263646128468   	129.50654938744     	
-11.5147178200172   	-10.2636475066606   	129.474895261374    	
-12.425952892486    	-11.1639812432515   	129.532580417203    	
-13.2338881894659   	-12.0753542618009   	129.477333703139    	
-14.1069684338601   	-13.018668294172    	129.511596645057    	
-14.9239546110648   	-13.9970408742149   	129.519339476918    	
-15.7755266681018   	-14.9316245486601   	129.528547823382    	
-16.5930032188814   	-15.8961712985117   	129.504782629767    	
-17.4206633608385   	-16.8377777592949   	129.504676035934    	
-18.2050789284542   	-17.8340546492495   	129.490274015982    	
-18.9715518349375   	-18.8227716148088   	129.515825170941    	
-19.7619396559149   	-19.7968229902112   	129.488824085765    	
-20.4896183315285   	-20.8280692495494   	129.507196076418    	
-21.2708456504042   	-21.8311021013624   	129.494079072705    	
-22.0663879362355   	-22.6530468479105   	129.45022280104     	
