-15.6350732777166   	-28.5976585762534   	185.502336948751    	
-14.4415252727368   	-27.4696036477788   	185.496847593161    	
-13.9248991452051   	-26.287893708911    	185.496180673972    	
-13.4045076528373   	-25.097209227131    	185.518074457545    	
-12.8585620112048   	-23.9409150585489   	185.507160178463    	
-12.3308762689775   	-22.7770877254475   	185.506108469828    	
-11.790793459033    	-21.6028450076613   	185.487967196088    	
-11.2502804602064   	-20.4303406564081   	185.497835652935    	
-10.7097279954147   	-19.2673583727469   	185.499968385486    	
-10.158388754081    	-18.1029035863187   	185.497003643096    	
-9.59309367490039   	-16.9460833006771   	185.500444292407    	
-9.01787372831108   	-15.7815636784996   	185.480901446355    	
-8.44198734892113   	-14.6338043556766   	185.499572558412    	
-7.89448400408403   	-13.4720237056126   	185.500406068393    	
-7.31646982777613   	-12.3151430882137   	185.506418593979    	
-6.74050961514811   	-11.1473422782225   	185.503579106501    	
-6.1558131858799    	-10.0092289788271   	185.493915750099    	
-5.55881942901784   	-8.86324983817801   	185.512781295009    	
-4.97300158058278   	-7.73377895040002   	185.495321916946    	
-4.38297509830604   	-6.58174442159494   	185.498679848954    	
-3.77408160109474   	-5.43172148506106   	185.513806502017    	
-3.17997528581104   	-4.28989510013916   	185.508041018365    	
-2.54846481114781   	-3.17624304989114   	185.500028221029    	
-1.96741760705117   	-2.03361419370179   	185.487642380785    	
-1.33921096257392   	-0.885203464350548  	185.501116118998    	
-0.713491353061368  	0.253630148582688   	185.511452952588    	
-0.0874968753832941 	1.37472537019498    	185.498436632942    	
0.541701687154642   	2.48089040894497    	185.49628425518     	
1.16937450653329    	3.59542539610326    	185.491451089109    	
1.77522249076592    	4.7201265226461     	185.500837328547    	
2.4271091310874     	5.85980343626308    	185.518851574376    	
3.06589176383025    	6.93811968726461    	185.498532397805    	
3.71942811732229    	8.09045717178229    	185.501794514926    	
4.3577362401156     	9.21772211449639    	185.501465858738    	
4.99127514592017    	10.3143932533297    	185.4991753777      	
5.64937290505281    	11.4516364142404    	185.494665080689    	
6.30560644090227    	12.5478816672336    	185.504469446912    	
6.92889999277849    	13.6621003087877    	185.501824138397    	
7.58414017031632    	14.7797322152053    	185.494290653453    	
8.23182206111451    	15.8720868082019    	185.516592876614    	
8.90579302508435    	17.002748241717     	185.511261399597    	
9.53336376724005    	18.1174183658101    	185.501030705854    	
10.1807972613431    	19.2290748340327    	185.510960217559    	
10.803379126806     	20.3346817305182    	185.503040437812    	
11.4771476822568    	21.4588835837179    	185.510200605949    	
12.1279832555149    	22.5820289262473    	185.504575994816    	
12.762163673246     	23.6901793204847    	185.498658409139    	
13.3978565488484    	24.8160050448637    	185.504172342761    	
14.0412076990821    	25.9438854404039    	185.505135043666    	
14.6627792077448    	27.0699883535151    	185.512663921022    	
15.0310965852999    	26.9153769533657    	185.507740507078    	
14.4700333533326    	25.7589508429568    	185.496300772437    	
13.8830131700458    	24.6096145251087    	185.487980778561    	
13.3018343182616    	23.4641068237637    	185.504070576972    	
12.7093433508936    	22.3195695493729    	185.49647018122     	
12.0927520603446    	21.1648275270567    	185.493738221899    	
11.4794113786716    	20.0478047848693    	185.495253838073    	
10.8946037896176    	18.9038871192822    	185.510972366475    	
10.2842302571741    	17.7742314766132    	185.501493941553    	
9.67443234195166    	16.6407489765421    	185.498886134394    	
9.05179674378444    	15.5034026084871    	185.501232658507    	
8.42995198293429    	14.3454648939006    	185.492974227948    	
7.81964907524652    	13.2405430043836    	185.506407590154    	
7.19042690571554    	12.113353312896     	185.501553429113    	
6.5537668774704     	10.9762030520801    	185.501410339523    	
5.9337786165465     	9.86719845509762    	185.502542927148    	
5.31386978560364    	8.73394370516529    	185.489455559305    	
4.68249062700787    	7.60430150091738    	185.490887045843    	
4.05499314631388    	6.49527285294769    	185.503473549599    	
3.43183473658681    	5.36714855674836    	185.5085358193      	
2.79457181072162    	4.24273608790994    	185.501502313049    	
2.16988646553698    	3.11034317998618    	185.489266524296    	
1.54404226769164    	1.99480388927074    	185.505385102023    	
0.913216077153178   	0.859968084907018   	185.49626597749     	
0.290961984114504   	-0.267071799236715  	185.51747197373     	
-0.341690459777319  	-1.38529199082325   	185.494178637037    	
-0.953573451622619  	-2.51769684173238   	185.509259966751    	
-1.58183259809093   	-3.64985074806233   	185.468378784029    	
-2.20423036193373   	-4.78368037349576   	185.502916429979    	
-2.83138664790626   	-5.90394338989201   	185.499207018155    	
-3.424845477174     	-7.00993686056388   	185.500393409169    	
-4.0551076965553    	-8.17229526337547   	185.493378207437    	
-4.66848112857247   	-9.31109029844769   	185.496769294616    	
-5.27182063417133   	-10.4586238114937   	185.494711044724    	
-5.86952411080692   	-11.5756418338489   	185.495547950691    	
-6.45963643755325   	-12.7295827885661   	185.489359371932    	
-7.0619039129247    	-13.8592419504251   	185.501594386212    	
-7.70769528316862   	-15.0048675472466   	185.505201470171    	
-8.27075657594355   	-16.1483580162118   	185.499488448051    	
-8.84463621869133   	-17.2870206419012   	185.505496624477    	
-9.45189819522673   	-18.4341344955915   	185.497766918223    	
-10.0358847425734   	-19.5840856060822   	185.499633653844    	
-10.6283585029886   	-20.736309963861    	185.492261306658    	
-11.2063172400722   	-21.8785420930938   	185.499959930156    	
-11.761721451701    	-23.0187845728952   	185.499984168682    	
-12.3255953137533   	-24.1923142945314   	185.485969448973    	
-12.9270242640527   	-25.3461696062683   	185.497019340464    	
-13.4978781872391   	-26.5086635993273   	185.497274610298    	
-14.0620164211659   	-27.659165980378    	185.490557268421    	
-14.7622023564088   	-28.6315594567993   	185.50081487526     	
-15.7261624793761   	-27.8649781826941   	178.512663839849    	
-15.4236469854421   	-26.7167392735826   	178.486276080943    	
-14.9027794099883   	-25.5453913106216   	178.490397911771    	
-14.339686365251    	-24.3985039901756   	178.499568167215    	
-13.816095442437    	-23.2371419612644   	178.498144655859    	
-13.2732676596488   	-22.0548553750845   	178.512626032912    	
-12.719771668028    	-20.915867658121    	178.512640751094    	
-12.1613017963709   	-19.7809393471618   	178.482511584975    	
-11.5792288236595   	-18.6426806575162   	178.489528286505    	
-11.0220875230099   	-17.4770105162473   	178.506330916837    	
-10.4340618638885   	-16.3582809225863   	178.504383143023    	
-9.83747246590231   	-15.2189847164572   	178.494104425016    	
-9.25514978861932   	-14.0944236839144   	178.500144735209    	
-8.65389651995143   	-12.9650443353803   	178.511257174484    	
-8.05036025920827   	-11.8288075348668   	178.512901206605    	
-7.43348261257568   	-10.7169108618349   	178.512059677491    	
-6.81264563555929   	-9.59817063455272   	178.495199171349    	
-6.18522259827143   	-8.49424176295025   	178.500320590026    	
-5.55314398739362   	-7.38734050790922   	178.501423286529    	
-4.91852688683919   	-6.28954913402288   	178.507657288364    	
-4.26933759722219   	-5.1432977119108    	178.510262092921    	
-3.64105631016964   	-4.07662566875262   	178.502988265721    	
-2.97634306203764   	-2.96380356041993   	178.510479456987    	
-2.30931716061985   	-1.87216777371752   	178.504331059281    	
-1.64211490420491   	-0.760902858299673  	178.498598915643    	
-0.975351741454089  	0.316329251425344   	178.503370338383    	
-0.304951100749124  	1.39351279132814    	178.502298529747    	
0.385246464547696   	2.48306179664444    	178.497714071795    	
1.07014999856699    	3.55693510474904    	178.482495299948    	
1.75545324142176    	4.63989861759582    	178.501818372022    	
2.45689775590087    	5.70435589194822    	178.496983675509    	
3.15397560222509    	6.78326909107447    	178.511047659703    	
3.87600294192424    	7.8425282325786     	178.501293539388    	
4.55272994521173    	8.90013481984958    	178.49557673624     	
5.29032227476314    	9.95302058357662    	178.481400860544    	
6.00854268796589    	11.0162644262245    	178.498037600031    	
6.73600237742253    	12.0729577137015    	178.504416576072    	
7.44349794521356    	13.1330045250608    	178.502069049577    	
8.19067489125082    	14.1687597179985    	178.492914105976    	
8.90707442090075    	15.2150787383283    	178.501221106128    	
9.6446304615467     	16.2836764445375    	178.489824650444    	
10.3802571371377    	17.3096173111657    	178.518915160164    	
11.0971354929798    	18.3496338164369    	178.502422210024    	
11.8652976956893    	19.4064515030645    	178.496343445508    	
12.6158517063659    	20.4336142001801    	178.497641617764    	
13.3612474180687    	21.4799722183211    	178.503752003437    	
14.095967873457     	22.5208327411514    	178.496048255182    	
14.8229779306503    	23.5534223701539    	178.498316907261    	
15.5874995732892    	24.5882426757001    	178.512121735721    	
16.3349551687172    	25.6534917914261    	178.501819737045    	
16.7654879720995    	25.5253104183182    	178.496841744654    	
16.0630397059331    	24.4425722251084    	178.498646955547    	
15.4016100025493    	23.3640201792537    	178.500940589464    	
14.693952705906     	22.2847868169466    	178.500284583459    	
14.0262555822832    	21.1975580918464    	178.501878274856    	
13.3261745691965    	20.1103713345591    	178.50960268866     	
12.6435095510014    	19.0483862047122    	178.506836817809    	
11.9511004058656    	17.9734680889298    	178.504131428944    	
11.254583734019     	16.9161729396812    	178.501316908788    	
10.57301666918      	15.8274957796761    	178.505452321141    	
9.86397725608244    	14.7548206598079    	178.51127038846     	
9.17071186645401    	13.6685288381296    	178.485311378743    	
8.47573539260985    	12.6388666567293    	178.503295169606    	
7.7738315426753     	11.5427965915616    	178.497157695261    	
7.09238505685118    	10.4675848305967    	178.496864451254    	
6.37783658130793    	9.39820118010365    	178.498048956371    	
5.71284554707789    	8.30418844145826    	178.507900141698    	
4.98743448925102    	7.23160708419454    	178.496246868299    	
4.30383370752911    	6.17228056751556    	178.511594866104    	
3.61647523024006    	5.06664646396666    	178.493891206313    	
2.94095081742793    	4.03579611377767    	178.501087298468    	
2.24580925780203    	2.9410550370455     	178.499646963391    	
1.56524455939724    	1.86484978980794    	178.496295928409    	
0.864181463339435   	0.771997003428624   	178.516689979293    	
0.202121612683436   	-0.298381966017726  	178.49533200335     	
-0.479486907513138  	-1.38450964178885   	178.497006911983    	
-1.15605541353988   	-2.48074427902612   	178.498436675704    	
-1.81890355882525   	-3.55245371907571   	178.500598414424    	
-2.48374875440225   	-4.6568221809629    	178.507537136566    	
-3.16914306475641   	-5.74092339836819   	178.490611173398    	
-3.81946469466428   	-6.83381914091726   	178.501320377735    	
-4.47626119363891   	-7.93067614647636   	178.499422340063    	
-5.13007734090934   	-9.0180692036349    	178.504970886734    	
-5.76415853325791   	-10.1242922188009   	178.514475176301    	
-6.41916859613152   	-11.2211175644306   	178.526483162117    	
-7.04888815163294   	-12.3335509473406   	178.487260947489    	
-7.71159143825088   	-13.4482912756787   	178.500545023136    	
-8.33755194601399   	-14.5590545327736   	178.499788493813    	
-8.96641936600516   	-15.6703917334786   	178.495328308877    	
-9.60085098804217   	-16.7667910702607   	178.498277427401    	
-10.2053948303286   	-17.8529469670014   	178.498866926677    	
-10.8296725149981   	-19.0215521781145   	178.48885934633     	
-11.4493906150353   	-20.1399514245444   	178.507054368951    	
-12.0578228850478   	-21.2553610518319   	178.489721516166    	
-12.6684449316198   	-22.3859234696321   	178.497485204425    	
-13.2692500689836   	-23.5174767070117   	178.488381708746    	
-13.8677053394147   	-24.6536647490728   	178.511423312035    	
-14.4463449792176   	-25.7886219922855   	178.514909212857    	
-15.0314993609486   	-26.9076528185831   	178.496370470933    	
-15.7449416047024   	-27.8575796120938   	178.493425790586    	
-16.7297896735473   	-27.1062187060918   	171.498166429468    	
-16.4049447063252   	-25.9655360244569   	171.50449889474     	
-15.8549338346056   	-24.8132086404798   	171.542321043999    	
-15.3060136199688   	-23.6561724766564   	171.494924761779    	
-14.7683105279386   	-22.5344498941117   	171.490655309412    	
-14.1967420804543   	-21.3806270597027   	171.501842838314    	
-13.6158679037158   	-20.2464577373791   	171.505575459641    	
-13.0468773529171   	-19.1168871779375   	171.504456873498    	
-12.4485394409104   	-17.999835515122    	171.498845386141    	
-11.8864398452915   	-16.8549273233349   	171.482870814923    	
-11.2526993416207   	-15.7444602916337   	171.514649789799    	
-10.641879118321    	-14.6235945616803   	171.497570726711    	
-10.0412838137269   	-13.5344210837543   	171.505349365014    	
-9.39959395126084   	-12.4230571193839   	171.497035572441    	
-8.74684416764846   	-11.3169678577165   	171.513923351298    	
-8.10613061957932   	-10.2273515877948   	171.519913046481    	
-7.45986638499869   	-9.13226274101459   	171.491560089186    	
-6.78303245625549   	-8.06203795467455   	171.506984169366    	
-6.12648831700377   	-6.96677521834547   	171.489415143589    	
-5.45964230906241   	-5.90432864255639   	171.488959180498    	
-4.76094285695652   	-4.83905961409787   	171.489891053202    	
-4.0816532299365    	-3.76248131320043   	171.506604834125    	
-3.36998718809598   	-2.70857210331391   	171.474416848984    	
-2.65822295185986   	-1.65435627438226   	171.497718349435    	
-1.94780428412529   	-0.58986843754962   	171.500788650726    	
-1.21759412767393   	0.43732773726237    	171.50795192266     	
-0.481607374814991  	1.49510279334699    	171.502649878866    	
0.250577863498993   	2.53134665739697    	171.502178220849    	
1.0002227638415     	3.55521795081449    	171.497566105012    	
1.73529797049487    	4.58584416561479    	171.507985979953    	
2.49407465569968    	5.61446633384826    	171.49948782014     	
3.26330386313066    	6.63145341120462    	171.505902642288    	
4.04574971444992    	7.63222431160287    	171.49604814161     	
4.813797092077      	8.63416493923018    	171.493608294883    	
5.60218569384012    	9.64178717455992    	171.497739335364    	
6.40130154806473    	10.6313940041057    	171.477596853719    	
7.19005887705191    	11.6163736204913    	171.494920880705    	
8.00664563476361    	12.6065312703935    	171.500979908525    	
8.83744715296324    	13.5906866651095    	171.489976978524    	
9.62710068880947    	14.5729266841982    	171.484816167323    	
10.4419566226195    	15.5451398136321    	171.516542719216    	
11.2599720028423    	16.5057925913448    	171.504933815107    	
12.0743832413561    	17.4637963394181    	171.501778774291    	
12.9108597173092    	18.4489625111607    	171.492498793612    	
13.7629702671287    	19.392321816392     	171.492466739106    	
14.5960112768731    	20.3537361896592    	171.504326519364    	
15.433450403705     	21.2863263938116    	171.489200144533    	
16.2851031297351    	22.2513529141982    	171.489914685927    	
17.1360327158824    	23.2170631294389    	171.503098811214    	
17.9779601707156    	24.163055174924     	171.487029417568    	
18.4812109152311    	24.0713898070505    	171.50802649368     	
17.7119145283287    	23.0724921895353    	171.502100639377    	
16.9062579493193    	22.0605193916337    	171.502355783859    	
16.1472368192965    	21.0542462263316    	171.498060322697    	
15.3724825712186    	20.0464714154525    	171.508268308384    	
14.5942764178689    	19.0481170998835    	171.510353314289    	
13.8328791882732    	18.0268419200652    	171.500615155436    	
13.0372082781085    	17.0234227834725    	171.509680817702    	
12.2648963730706    	16.0186929386016    	171.503537439115    	
11.4728358027561    	15.0077964953283    	171.489660760663    	
10.722435980064     	14.0157003370066    	171.502815709112    	
9.94610596822194    	12.9919127665424    	171.49763472438     	
9.17529409966209    	11.9873977412502    	171.497391629133    	
8.40328858857643    	10.9711525886212    	171.507106235056    	
7.63981133904169    	9.95766555522142    	171.492381542154    	
6.86341224448237    	8.9477368008499     	171.502323841185    	
6.11101930319723    	7.92747747320007    	171.500254707591    	
5.34365710561319    	6.91741899231516    	171.509232097822    	
4.59806167025955    	5.88197873193184    	171.496727750459    	
3.84094285759157    	4.85745675461053    	171.494782565336    	
3.09667879667973    	3.81629669820147    	171.50511133525     	
2.34569658728018    	2.81201976456632    	171.505192220964    	
1.59793889148172    	1.77093180012747    	171.497671076248    	
0.884939183557495   	0.741506287799644   	171.489517959737    	
0.115597308577272   	-0.302885222534999  	171.495802653503    	
-0.609731656198744  	-1.35004131487819   	171.494540722471    	
-1.34053248171757   	-2.38897994432838   	171.504740902494    	
-2.06284429874675   	-3.42119033588492   	171.490534192816    	
-2.77323405143774   	-4.48132077086553   	171.495807343436    	
-3.48640303799248   	-5.53460349484843   	171.499150822299    	
-4.1845550455683    	-6.57597620255793   	171.492134136049    	
-4.87833899408006   	-7.64649561747674   	171.499680140657    	
-5.59602672741359   	-8.71330551103178   	171.48456382907     	
-6.28116860750374   	-9.78985424819521   	171.506914355169    	
-6.96229153542161   	-10.8471358909658   	171.504828267411    	
-7.63793862191552   	-11.9368781886281   	171.499651882803    	
-8.32636223468125   	-13.0116978955453   	171.494510811514    	
-8.98186759251058   	-14.074007774552    	171.502289533926    	
-9.67264579322807   	-15.1691130968983   	171.498257245507    	
-10.3271697742358   	-16.2328693103082   	171.496441894213    	
-10.9615110291079   	-17.3318056538247   	171.497767155352    	
-11.6204654901441   	-18.4268931733361   	171.50499296917     	
-12.2669004716848   	-19.5138015507458   	171.506936165834    	
-12.9225233733103   	-20.6183701103142   	171.497717628747    	
-13.5270288881258   	-21.7198341458684   	171.50430742556     	
-14.1577480396854   	-22.8381164303229   	171.488685229706    	
-14.7874838074473   	-23.9363043623282   	171.497954468909    	
-15.3996317001011   	-25.0331274092365   	171.505065685551    	
-16.0008404505682   	-26.1698538809111   	171.492939369915    	
-16.7328259773832   	-27.0998435975611   	171.503692232582    	
-17.7081495959783   	-26.3483139572223   	164.511619036451    	
-17.3847550552358   	-25.1994745225971   	164.501899784494    	
-16.8326759562127   	-24.0714031250205   	164.495837031789    	
-16.2946620564855   	-22.9384697017114   	164.504350725986    	
-15.7218869512533   	-21.7930995912874   	164.491156992719    	
-15.1468620836172   	-20.6832246334342   	164.501044771012    	
-14.5564020944769   	-19.5656821807542   	164.503312401966    	
-13.9452941936092   	-18.4591062865007   	164.496673353197    	
-13.3580854319714   	-17.3298526729956   	164.510974353067    	
-12.7398034723562   	-16.2381475222195   	164.518548760374    	
-12.1068299565033   	-15.1435193894302   	164.497379849211    	
-11.4911082227097   	-14.0334220423411   	164.504212707385    	
-10.8388361982066   	-12.9493972918233   	164.514458429018    	
-10.1826697915853   	-11.8818050861376   	164.494630820348    	
-9.50672385449733   	-10.787040955217    	164.518577704824    	
-8.83679566559241   	-9.73058654230921   	164.492795704761    	
-8.14964338061554   	-8.69347489284427   	164.494794117555    	
-7.46390590155578   	-7.63156867817566   	164.514413420792    	
-6.75609185132713   	-6.57492550791707   	164.47581487755     	
-6.02027070813529   	-5.52437765853562   	164.499450105669    	
-5.31040725147806   	-4.49628266524725   	164.505193730616    	
-4.582654251062     	-3.46762642076731   	164.499190478971    	
-3.83950843233857   	-2.44267803941033   	164.510788484203    	
-3.08003924018688   	-1.43981356129771   	164.500161565032    	
-2.31935576977289   	-0.440947767184317  	164.51044063201     	
-1.5280399738965    	0.564253409071461   	164.474968837926    	
-0.768565420918454  	1.53754142748858    	164.504149148418    	
0.0434993158285275  	2.55242105318599    	164.496251153299    	
0.809803192828715   	3.52515669724069    	164.503701439817    	
1.65424804302013    	4.48704170352685    	164.504421183141    	
2.43541289135524    	5.46556551334722    	164.494180021837    	
3.28466936072086    	6.41236849468511    	164.49862967153     	
4.13372433175185    	7.34444746833489    	164.502243388366    	
4.97982468130769    	8.29719580210002    	164.500277703938    	
5.82713278939362    	9.22790264518259    	164.504518014691    	
6.69305517307703    	10.1468558637648    	164.506422353946    	
7.56493750456889    	11.06389404686      	164.50194276269     	
8.45490770548018    	11.9548893719728    	164.486712258801    	
9.3264528232946     	12.8555201281211    	164.506564570137    	
10.2229266189291    	13.7643739605313    	164.499755322081    	
11.1272385250891    	14.6479672925238    	164.49532070991     	
12.0364432363187    	15.5141660915678    	164.468206278731    	
12.9487768720179    	16.3991376300017    	164.485915983574    	
13.8714566676729    	17.2601314842485    	164.508830342112    	
14.8028315733032    	18.0688350270839    	164.507853022176    	
15.7419381644875    	18.9572447708578    	164.511469048081    	
16.6969505713161    	19.8052088220712    	164.51120136711     	
17.6464064411687    	20.6184708314959    	164.497405197298    	
18.5894662233554    	21.4610383345957    	164.504384870227    	
19.5470588883557    	22.2878247338029    	164.490307014149    	
20.179619077227     	22.2735854881058    	164.500225304685    	
19.3035365348984    	21.3664968604659    	164.519141403506    	
18.4255160047681    	20.4573184292727    	164.507621069268    	
17.5497694147791    	19.5430310421501    	164.504549697583    	
16.6814202213372    	18.6371304231866    	164.501493296921    	
15.8154406017817    	17.7178291639505    	164.503079445186    	
14.9361565529924    	16.8012361584505    	164.495287279321    	
14.0769996437971    	15.871109439825     	164.495575391699    	
13.2166511018269    	14.9404328723341    	164.488988612737    	
12.3844132307451    	14.0088922623853    	164.504898626882    	
11.5060104022529    	13.0824790177153    	164.503596876397    	
10.6492845681826    	12.1516021423977    	164.497565237788    	
9.82786084337275    	11.2178058921602    	164.488726811393    	
8.9752673274251     	10.2522016874145    	164.50616597057     	
8.12555830532798    	9.32385739383315    	164.50132147144     	
7.28780118853919    	8.37301865293968    	164.496713224677    	
6.47441318577234    	7.42308201521284    	164.499776657116    	
5.64762968142207    	6.46009568012992    	164.503421583189    	
4.82540993385863    	5.51027130747241    	164.50408734725     	
4.01141662142219    	4.55908475921553    	164.503748358671    	
3.20206831137332    	3.56694620477381    	164.492533269211    	
2.40147982035746    	2.58833787693704    	164.509403006764    	
1.60048345673515    	1.61572340258406    	164.500019888186    	
0.787495699750717   	0.628738999271792   	164.489612903867    	
0.00875558329903043 	-0.362843890376783  	164.493015107804    	
-0.772117245925221  	-1.33901921167939   	164.500130540508    	
-1.53668602274099   	-2.34298593115228   	164.498837000758    	
-2.31606668407601   	-3.33548322907169   	164.500807563405    	
-3.12690689947293   	-4.33360631101011   	164.508020283172    	
-3.84228362278095   	-5.36460487220005   	164.502767170856    	
-4.60310035452026   	-6.36555752104992   	164.514861366068    	
-5.33848547587936   	-7.40519709561131   	164.493130890564    	
-6.09963382692977   	-8.41660929532098   	164.507526103351    	
-6.82309483329233   	-9.44782022381012   	164.490483186406    	
-7.53254588808708   	-10.4449448699703   	164.503426100974    	
-8.25872403783266   	-11.508315109727    	164.490019966644    	
-8.97745323095978   	-12.5593662197032   	164.495898677819    	
-9.66845896769296   	-13.6194848599436   	164.508578320749    	
-10.3730717519813   	-14.6589240163276   	164.506876322948    	
-11.0716760113503   	-15.7212470915982   	164.497799668472    	
-11.7538439332429   	-16.7801050794658   	164.503250511483    	
-12.4379772768747   	-17.8421788688512   	164.491262749822    	
-13.1071831683314   	-18.9320021357407   	164.508062914274    	
-13.7575795845285   	-19.9829292986075   	164.510540811103    	
-14.4267983043243   	-21.0763855064671   	164.494496726874    	
-15.0691619776352   	-22.1688200033936   	164.490837354755    	
-15.7386540633323   	-23.2347777664901   	164.512849560163    	
-16.3493862361989   	-24.3376932731378   	164.500369622362    	
-16.9650214553472   	-25.4223096195849   	164.501470127171    	
-17.7158583715107   	-26.3331162116361   	164.505604293363    	
-18.7413150417254   	-25.6086415686905   	157.504782812998    	
-18.4255383949825   	-24.4845202980214   	157.50180851013     	
-17.8546592912874   	-23.3716872108585   	157.500414437297    	
-17.3019111834793   	-22.2724514595068   	157.505415672095    	
-16.7207950506291   	-21.1542811657424   	157.500165130221    	
-16.1661975740854   	-20.0327061311502   	157.517264335728    	
-15.5728282984861   	-18.9254455792443   	157.499251607653    	
-14.9649466637278   	-17.826031435482    	157.495051070519    	
-14.3373128730084   	-16.7490722979728   	157.491366266753    	
-13.7090834338457   	-15.6671688799369   	157.499196267365    	
-13.0894581457296   	-14.588906226821    	157.500544897471    	
-12.4315731418071   	-13.5105913882599   	157.486681222599    	
-11.7682399597969   	-12.4458326081253   	157.493114421308    	
-11.1061483598347   	-11.4032171846927   	157.48093472413     	
-10.4272276597675   	-10.351640263159    	157.499457237463    	
-9.73272771430558   	-9.30891902885369   	157.508852230191    	
-9.0224555952818    	-8.26193935800269   	157.508234687195    	
-8.29329587589493   	-7.24995593703066   	157.487128510607    	
-7.55219205885064   	-6.2438657210651    	157.522953910879    	
-6.82631288059199   	-5.24042254614223   	157.487935716249    	
-6.0552068410602    	-4.23212993109802   	157.503909323969    	
-5.2912243966238    	-3.26093148892421   	157.504091542857    	
-4.53207729701152   	-2.282118347331     	157.494873081301    	
-3.71587866634861   	-1.30676133143569   	157.498257035744    	
-2.91414472316358   	-0.350483283221236  	157.485641223714    	
-2.11683502856116   	0.595385274035312   	157.504610910229    	
-1.29309592455422   	1.5433230504374     	157.508067899907    	
-0.45273947307452   	2.47283668013117    	157.501303278908    	
0.409494924453616   	3.37943271567387    	157.472898701431    	
1.25894418339301    	4.30325959514133    	157.488668647087    	
2.12588327307486    	5.18981510589052    	157.491103042131    	
3.01314682315309    	6.06952277697546    	157.4946726376      	
3.91525190242109    	6.94617830254047    	157.490336633028    	
4.81423167066396    	7.80154093454663    	157.500538868429    	
5.74615086966033    	8.66354305515223    	157.514510218101    	
6.66365640853323    	9.48501598876817    	157.504380703495    	
7.59948671101408    	10.3301080705508    	157.50939337486     	
8.54294061137951    	11.1237140815181    	157.510940549211    	
9.51766380289585    	11.9266151421749    	157.501886698949    	
10.4912633508819    	12.7105091603018    	157.49165249287     	
11.4717926317286    	13.4760537021888    	157.497988964468    	
12.4766582774873    	14.2196329119476    	157.501205441461    	
13.4962187398196    	14.964415995637     	157.504056385201    	
14.5188459115981    	15.6840455549818    	157.493770675894    	
15.528967909121     	16.3624291106267    	157.506585312958    	
16.6018538445049    	17.0682408651344    	157.488327951007    	
17.6410032213181    	17.7498271721202    	157.503932746425    	
18.708666099497     	18.3734639711558    	157.505049350775    	
19.790999793176     	19.0208013112377    	157.518716082092    	
20.8794704770113    	19.636908804697     	157.486480881837    	
21.8000860879074    	19.6882109959864    	157.502362343711    	
20.8054417924401    	18.9162708541008    	157.510620138357    	
19.8097289991529    	18.1804625433143    	157.494202464366    	
18.8094588740552    	17.4040992571293    	157.511853381876    	
17.8454062009438    	16.6394546556091    	157.481739991312    	
16.8745095080084    	15.8535670299206    	157.489841955676    	
15.9032111638892    	15.0582131532883    	157.495603902923    	
14.9351837886096    	14.2635267912698    	157.497655686975    	
13.9882807815232    	13.4371679007677    	157.50881903077     	
13.0396812166439    	12.6306170790852    	157.511799911914    	
12.1079880821382    	11.7954255362045    	157.50050741524     	
11.1875834507903    	10.9662364164255    	157.502311341169    	
10.2596782454627    	10.1413205483523    	157.498421770376    	
9.34028004081157    	9.26204761491363    	157.509492233399    	
8.44695263739169    	8.39858365216123    	157.487639269712    	
7.53803154376892    	7.53985704955729    	157.498254480845    	
6.65569391664866    	6.67612224228916    	157.490188324345    	
5.76324054222967    	5.78483673616613    	157.501154910257    	
4.88768951961612    	4.89248280619974    	157.500057852727    	
4.01110957376507    	4.00551286077872    	157.511378619045    	
3.12058971190878    	3.10146716714181    	157.491643052635    	
2.2593490524289     	2.19163264037709    	157.51110992008     	
1.42823043883573    	1.29079213808041    	157.509835529574    	
0.556938201212762   	0.347592472385587   	157.504743743537    	
-0.255766231334087  	-0.59488877642448   	157.511482519126    	
-1.07610047664376   	-1.50979646419252   	157.49515327758     	
-1.89671159514387   	-2.46308114159117   	157.504500321341    	
-2.72036247944393   	-3.40625303806155   	157.498965859085    	
-3.5248493176147    	-4.34563031669609   	157.514264173857    	
-4.33053101236313   	-5.33194516735772   	157.490863159358    	
-5.12504108198835   	-6.29783284374222   	157.510348384026    	
-5.90100430051751   	-7.26921494690802   	157.4972482989      	
-6.68306309009991   	-8.2410480589879    	157.473507234061    	
-7.44623179831704   	-9.24312557266362   	157.503572665899    	
-8.20885647086599   	-10.2429652779991   	157.487506918006    	
-8.96606706150056   	-11.2216465506756   	157.501344123879    	
-9.69600024460447   	-12.2429915677684   	157.497989588708    	
-10.4296297355048   	-13.2512934992242   	157.489465850198    	
-11.1727114755138   	-14.2519581242915   	157.490637749647    	
-11.8744573430901   	-15.2787559388907   	157.505933382493    	
-12.5798064285789   	-16.3131420497359   	157.491257707829    	
-13.2842993457588   	-17.3459969208391   	157.506410408679    	
-13.998708946385    	-18.3607959156131   	157.510289002855    	
-14.6833510430821   	-19.4327596360318   	157.50901064264     	
-15.3498325280897   	-20.4732706020138   	157.496149457034    	
-16.0239511390663   	-21.5180439816104   	157.493820531903    	
-16.7010557308108   	-22.5928031860525   	157.486959182232    	
-17.3555429223412   	-23.6523995039775   	157.492148639944    	
-17.9884462874018   	-24.7291109699757   	157.500318591569    	
-18.7331781858371   	-25.5998725836978   	157.49716278346     	
-19.7607400678323   	-24.9288542009214   	150.504752041317    	
-19.4312491014122   	-23.807633369875    	150.505368973193    	
-18.8803265170777   	-22.6799033181853   	150.514015275713    	
-18.3330262385295   	-21.5776398352792   	150.521469192302    	
-17.7724715468165   	-20.4627594319107   	150.503589154935    	
-17.2006807557149   	-19.3730187430219   	150.501985374736    	
-16.6091640066689   	-18.2763130409592   	150.504178765887    	
-16.0013440776743   	-17.1842949475064   	150.50008490527     	
-15.380706197442    	-16.1156184076494   	150.49766464401     	
-14.7608767534907   	-15.0326761851804   	150.501764690591    	
-14.1113106101156   	-13.9838664007245   	150.512936428394    	
-13.4374640422691   	-12.9264160087837   	150.501068377468    	
-12.7682840184317   	-11.884153928624    	150.498724961863    	
-12.0839018877718   	-10.8747564324643   	150.500724136403    	
-11.380210735756    	-9.81689399196418   	150.505175638671    	
-10.67882144203     	-8.81546986035593   	150.496558064595    	
-9.94632210945377   	-7.79288687511504   	150.51430969489     	
-9.19196528777074   	-6.81592185607394   	150.496854517813    	
-8.44770268070021   	-5.81055200283954   	150.495393062181    	
-7.68188781080945   	-4.84731130651165   	150.505263676918    	
-6.90334301341697   	-3.89357476856953   	150.492324193238    	
-6.10856739268023   	-2.93185729226624   	150.497842849487    	
-5.28278545186587   	-1.97209816643166   	150.511799711912    	
-4.47601931963668   	-1.05113085505071   	150.490463996162    	
-3.62099434832338   	-0.132205449796759  	150.487396376975    	
-2.77920267299821   	0.76163905705192    	150.500776865097    	
-1.90050225032892   	1.64243009676958    	150.485280950864    	
-1.01710704461248   	2.50221119619447    	150.498268347627    	
-0.114287301095478  	3.38712111499424    	150.49610017689     	
0.795901432815921   	4.2313991514309     	150.496796302711    	
1.68623474127074    	5.04945768281404    	150.499107579701    	
2.66324996720603    	5.85715451510263    	150.507011571418    	
3.61917772453748    	6.64762234138693    	150.518257132024    	
4.5786273716587     	7.44333675431859    	150.504949673414    	
5.55778961998886    	8.20613861498539    	150.497932268002    	
6.55709907770603    	8.93958872096378    	150.50759545374     	
7.56565166556387    	9.68944241540569    	150.504724416555    	
8.60299046203716    	10.3660528641544    	150.514230729784    	
9.64070849650506    	11.0476086459912    	150.5025194176      	
10.6833979743184    	11.7025886227394    	150.493552981733    	
11.7557510679802    	12.3400155036937    	150.514181523605    	
12.8418210049678    	12.9520180328574    	150.487382582533    	
13.9324535261295    	13.5203227727461    	150.502738533024    	
15.0581279241074    	14.0968784401081    	150.487109946419    	
16.1752686249175    	14.5964694670461    	150.507586685454    	
17.2939568821711    	15.0960710231622    	150.503793871574    	
18.4769669710704    	15.5490133802169    	150.467842026713    	
19.6429518232418    	15.964694096476     	150.497173833929    	
20.8208156699579    	16.3701143777529    	150.488570963323    	
21.999471639175     	16.6958901764004    	150.490719627562    	
23.2129344561101    	16.873968173686     	150.478497139055    	
22.388398506906     	16.1638741846714    	150.490484203192    	
21.2696795249045    	15.6154248863839    	150.497331309757    	
20.1720269417003    	15.0307859134037    	150.493443457644    	
19.076798647541     	14.4275753292531    	150.503826432663    	
18.0094258138967    	13.8021058519308    	150.494152460345    	
16.946930325565     	13.1607558472366    	150.50619209353     	
15.9054325189803    	12.4912232723618    	150.505375405346    	
14.8789794461284    	11.8053585960672    	150.497630663476    	
13.8309274794011    	11.0962279479906    	150.50531022379     	
12.8226268184863    	10.4187910158815    	150.493913837578    	
11.7989807181535    	9.68540747167585    	150.488466429762    	
10.7932183236325    	8.93953200233301    	150.494334146157    	
9.79652519618765    	8.20395689520205    	150.491779370149    	
8.81617782918226    	7.43674120758067    	150.495139311345    	
7.85715712037872    	6.67462382772385    	150.515245064699    	
6.88457193266259    	5.882585147349      	150.490838259842    	
5.92509307690271    	5.08667452156952    	150.520452535064    	
4.9929731897441     	4.26357624807121    	150.505116726126    	
4.04571183751294    	3.46475956556683    	150.517590112474    	
3.13223384756162    	2.62375112710691    	150.47922508637     	
2.20192026032146    	1.79048768869946    	150.497698569954    	
1.3149851380382     	0.943788697526123   	150.493999319555    	
0.40190056875788    	0.082882572337628   	150.503065918501    	
-0.481314001401547  	-0.7849657430926    	150.491701331791    	
-1.38991038501069   	-1.65667944441405   	150.496957413252    	
-2.24159847192807   	-2.53879104171778   	150.512371376179    	
-3.10848548009134   	-3.43766082512993   	150.50280440406     	
-3.95091415994543   	-4.3525049992728    	150.492904756574    	
-4.79820070950398   	-5.26385288423266   	150.500251141737    	
-5.62972610690282   	-6.17463834924818   	150.488584878713    	
-6.44979177556566   	-7.10975871355249   	150.49189513632     	
-7.26013752506612   	-8.04544417274722   	150.499865844812    	
-8.05636508279292   	-8.97942361329161   	150.501439921294    	
-8.84267039285302   	-9.95302541416307   	150.522379765668    	
-9.65919709130758   	-10.9000675137146   	150.505113347977    	
-10.4218657477261   	-11.8721779704695   	150.493427774084    	
-11.1947998025102   	-12.8712690683192   	150.511457732516    	
-11.9269164849206   	-13.8426848125824   	150.503434846989    	
-12.6962288720344   	-14.831698076737    	150.490360059785    	
-13.451782957178    	-15.8315614307795   	150.503419779787    	
-14.1693487815072   	-16.8406705474593   	150.503372397632    	
-14.8829846617472   	-17.8556376536943   	150.499460315641    	
-15.6043274562946   	-18.862773525891    	150.488474696583    	
-16.3100662238699   	-19.8985358912757   	150.504108011326    	
-16.9993500844315   	-20.9127733442182   	150.504816441424    	
-17.675629247012    	-21.9604866586998   	150.501238414189    	
-18.3538502503603   	-23.0079116400334   	150.506970149242    	
-18.9936213847622   	-24.0654568019368   	150.496821100565    	
-19.7526954909462   	-24.936349780844    	150.497283706875    	
-20.8101122759239   	-24.2984916984934   	143.50230536045     	
-20.4647549707351   	-23.1934989496553   	143.507317153353    	
-19.9177329660152   	-22.0645992314073   	143.490403932859    	
-19.379963938121    	-20.9482351557323   	143.482435060156    	
-18.7800053813998   	-19.8431860134539   	143.499536906758    	
-18.2156025198112   	-18.7347459578015   	143.498921003712    	
-17.6163004195099   	-17.6546209891892   	143.508075355122    	
-17.0079040152911   	-16.566021396408    	143.512269483893    	
-16.3498619221281   	-15.5039185916699   	143.484091549492    	
-15.7296479396769   	-14.430944323762    	143.484471142912    	
-15.0582026705344   	-13.3850770662251   	143.510589369973    	
-14.4060283249631   	-12.3344095329606   	143.509814041736    	
-13.7044659588139   	-11.3096399157231   	143.509917901703    	
-12.9989773037073   	-10.2535825668133   	143.503551162626    	
-12.2702633472094   	-9.25260778885284   	143.501261570306    	
-11.5374493450072   	-8.2501994018701    	143.498079223089    	
-10.7675986250154   	-7.2683935526529    	143.512470290283    	
-10.0111927540656   	-6.28062998877859   	143.494069114262    	
-9.22700142939395   	-5.31571928045726   	143.502122540668    	
-8.42114007569907   	-4.35738633677868   	143.523310971984    	
-7.60871425676156   	-3.41313605728429   	143.503075849154    	
-6.78177427246398   	-2.49499537012289   	143.497809553845    	
-5.93154704706513   	-1.57088099667383   	143.496674258963    	
-5.0651401817242    	-0.657493176838078  	143.508625271135    	
-4.18352064555141   	0.188168359637299   	143.500451155025    	
-3.30268345831706   	1.07372917716233    	143.470994344213    	
-2.40834943875897   	1.93880364562786    	143.508752638543    	
-1.45205870891062   	2.7596777341215     	143.498942128674    	
-0.53099465437816   	3.57282671495192    	143.513781447888    	
0.421146950855298   	4.37465728020233    	143.498575653195    	
1.40393502585457    	5.14727566940626    	143.48637500614     	
2.39938017377372    	5.89081614593345    	143.497223659694    	
3.39970987693183    	6.63042289281958    	143.496536637738    	
4.40127635165556    	7.33101327998867    	143.502158903935    	
5.4616574412042     	8.03701238004602    	143.491522142231    	
6.50511753570927    	8.69596359081582    	143.478096865763    	
7.58033655707559    	9.32317887414894    	143.505382277174    	
8.66217589966042    	9.9462644115175     	143.493507223789    	
9.78162081205113    	10.5144321738799    	143.50580511988     	
10.8897009945788    	11.0774099983368    	143.491672126756    	
12.0313696993895    	11.5631424146229    	143.50107753886     	
13.1812767128797    	12.0353264116432    	143.508508352998    	
14.3541972746531    	12.4684047952721    	143.519861422995    	
15.5297070937025    	12.8668542838269    	143.503696672172    	
16.7284931763358    	13.214901652895     	143.508447778544    	
17.9216392934772    	13.5098251787884    	143.49972069849     	
19.1701431559769    	13.7651795422111    	143.506272849397    	
20.382016859746     	13.9573261531368    	143.508220061643    	
21.6226017956291    	14.0780475869114    	143.501033687392    	
22.8677051185668    	14.1709229567814    	143.505604234793    	
24.0997119369863    	14.2082940977074    	143.521316287713    	
23.8528244699888    	13.6496059927928    	143.506074840387    	
22.6508402400345    	13.2909047690944    	143.502296164072    	
21.4771241205858    	12.909317137814     	143.504908632739    	
20.3031474401085    	12.4852102035104    	143.507812060235    	
19.155185109572     	12.0187947381392    	143.524130005783    	
17.9953243611869    	11.536410388176     	143.515993729262    	
16.8830660982765    	11.0301043550961    	143.475703460857    	
15.7572100220645    	10.4633474498418    	143.490643990835    	
14.6453076999848    	9.89791736458813    	143.493735137566    	
13.555386497216     	9.29542333234346    	143.5073019569      	
12.4554205760177    	8.68824389144526    	143.501518809037    	
11.3722468351186    	8.04473714930738    	143.497595968658    	
10.3338636557825    	7.38613431441656    	143.500850301602    	
9.30992714866965    	6.7202006055044     	143.499913961715    	
8.27127776382465    	6.00273072870356    	143.499008815285    	
7.24379461831863    	5.28448240237011    	143.497530955429    	
6.23238360421571    	4.57472092525327    	143.512924665352    	
5.24141926232057    	3.82623564051214    	143.505423539689    	
4.25267533393036    	3.07563082663073    	143.515912341143    	
3.27872641945652    	2.28649440326433    	143.480117438684    	
2.29840248335639    	1.50843905450861    	143.497037332899    	
1.35776326118378    	0.702038919682779   	143.499130328851    	
0.411837599574882   	-0.11731818127352   	143.503444185469    	
-0.518531261378261  	-0.916872114746603  	143.492304641778    	
-1.44636644916234   	-1.74221416742977   	143.519374526441    	
-2.37456106435063   	-2.59592207498434   	143.495807756768    	
-3.2811221207694    	-3.45504685303973   	143.510824074999    	
-4.17817256360409   	-4.30496731125206   	143.494833523879    	
-5.07142346947955   	-5.17787700329129   	143.495879333592    	
-5.93360775804476   	-6.05722910026839   	143.496013510681    	
-6.81885161133422   	-6.95572618029991   	143.502245854266    	
-7.66892213228548   	-7.86503787939323   	143.502452336089    	
-8.52118560552231   	-8.75792386380655   	143.48508568845     	
-9.36191174755737   	-9.67618559218345   	143.497537619389    	
-10.1892483066376   	-10.6197860158733   	143.505214666131    	
-10.9972621344286   	-11.5460480361092   	143.494433377062    	
-11.8182959348792   	-12.5176869910262   	143.512619635776    	
-12.617742229171    	-13.4419267328714   	143.505581482892    	
-13.4059302867987   	-14.4250535842059   	143.504255726493    	
-14.1613679976689   	-15.3835663253105   	143.501794788291    	
-14.9439042665187   	-16.3711669749394   	143.505469748444    	
-15.7119530368971   	-17.3487737942323   	143.500797188557    	
-16.462283710071    	-18.350855487756    	143.50660165572     	
-17.2015081099762   	-19.363210144865    	143.508881744393    	
-17.9305213207605   	-20.3729874189963   	143.503637242448    	
-18.6361451063641   	-21.3732850865705   	143.497687992054    	
-19.3414292970986   	-22.415396747745    	143.496661081515    	
-20.0250201134423   	-23.4343803654798   	143.503690274437    	
-20.8013753751222   	-24.3118548015265   	143.493601910918    	
-21.5028384125463   	-23.5218698704671   	136.500803343339    	
-21.1241780502524   	-22.4064526109956   	136.490626763704    	
-20.59461690151     	-21.2707683382623   	136.491559416472    	
-20.0434256806939   	-20.1474075151734   	136.503803992156    	
-19.464118771892    	-19.0361338708916   	136.501578129457    	
-18.8876219223401   	-17.9352784169293   	136.508187026151    	
-18.2820845116085   	-16.8178235677538   	136.520415592325    	
-17.6708694466762   	-15.7482527227442   	136.511330955444    	
-17.0388595302834   	-14.6693903630742   	136.5020838877      	
-16.3712772629661   	-13.5993217223419   	136.502218354612    	
-15.6936893328576   	-12.5610816824591   	136.5016446073      	
-15.0130505143222   	-11.5054164167836   	136.480910841407    	
-14.3248262220391   	-10.4772785980601   	136.502778778305    	
-13.603275694419    	-9.4451087201774    	136.494934456123    	
-12.85029318471     	-8.45994513287665   	136.502527430629    	
-12.1064540203578   	-7.45126738454073   	136.487212530876    	
-11.3328084029174   	-6.46585230078583   	136.502970099416    	
-10.5513987916985   	-5.47945674360457   	136.494400987181    	
-9.74748384537119   	-4.54185399328773   	136.500950977165    	
-8.90980034650071   	-3.59833874839358   	136.495811804876    	
-8.06540204012833   	-2.676128727229     	136.49373541586     	
-7.21074776688001   	-1.75692456935685   	136.489922946982    	
-6.3261258352642    	-0.877513512617035  	136.50421421767     	
-5.44748860482652   	-0.0274171680232041 	136.495290317596    	
-4.51929967143735   	0.850698087004091   	136.501235661592    	
-3.59430696867497   	1.68406377302939    	136.501886564933    	
-2.63220947165866   	2.49474652394929    	136.488371216886    	
-1.67714102285718   	3.28324844871615    	136.506480932083    	
-0.672016324992348  	4.05629965517815    	136.503846375771    	
0.33766459534482    	4.79421751316134    	136.533922946161    	
1.3494004083495     	5.50794976355891    	136.49145465933     	
2.36821341909485    	6.18402543674935    	136.494639408546    	
3.44680249058282    	6.86030152674333    	136.493369943333    	
4.52512765118999    	7.51151929726318    	136.489609473224    	
5.61168761040896    	8.09805717026821    	136.504097115464    	
6.73750046691894    	8.66181678135093    	136.50372107281     	
7.86169205017749    	9.18121292154075    	136.497989466417    	
9.02357969191134    	9.69403322736192    	136.488219199771    	
10.1761128714236    	10.1209918705513    	136.478831031443    	
11.372252880364     	10.558196463283     	136.498952465841    	
12.5555137720485    	10.9099610516878    	136.497986586956    	
13.7492443094643    	11.2218674214198    	136.50539710741     	
14.9827841893901    	11.500052343768     	136.489255734154    	
16.2336031840196    	11.6976876789       	136.502733233315    	
17.4465523658656    	11.8731550086198    	136.499190139855    	
18.692704130161     	11.9551105215894    	136.492422331863    	
19.9555152882952    	12.003355608162     	136.502649243162    	
21.1998864812648    	11.9828457509123    	136.509551831754    	
22.4456363393249    	11.9009375366859    	136.505363391612    	
23.6843186319336    	11.7648738435691    	136.504957008669    	
24.9404319698574    	11.5668216968699    	136.493778114179    	
25.4312549994511    	10.9909217327561    	136.50075494734     	
24.2068110365317    	10.8570828193295    	136.508244373925    	
22.9818920114873    	10.6833716265282    	136.50590712426     	
21.7391955487617    	10.4622751679364    	136.485953822197    	
20.5112375962822    	10.1908357294573    	136.504553006692    	
19.3173877037009    	9.86852715069683    	136.502306648904    	
18.108156357299     	9.5151807169249     	136.497634749489    	
16.9185714829472    	9.1141004808211     	136.494348058655    	
15.7414137466542    	8.70123013050292    	136.490623791047    	
14.576283565126     	8.24975137064788    	136.481241034877    	
13.4303683549716    	7.7684995926578     	136.508363967527    	
12.2949908534092    	7.24541377432583    	136.494041435507    	
11.1637649645451    	6.71629929956984    	136.490848139657    	
10.0363452379476    	6.13395192599683    	136.506092227068    	
8.94417182677632    	5.54604237373123    	136.507789890235    	
7.87168868562604    	4.90700450519944    	136.501470439391    	
6.7836264581741     	4.27629394601925    	136.494180920261    	
5.71092568386503    	3.63193576371029    	136.496539739246    	
4.68170741976834    	2.95206601054207    	136.506533204251    	
3.63042366617906    	2.24388846586052    	136.504998353948    	
2.62518974650995    	1.54141608797395    	136.501085995578    	
1.62635138963539    	0.764559123017243   	136.495188949911    	
0.617567756491723   	0.0215484371407127  	136.498344306118    	
-0.378733421424102  	-0.764157111544283  	136.490425974359    	
-1.33139438031274   	-1.52950093109351   	136.523859783569    	
-2.30793643229807   	-2.3286425679492    	136.508310344831    	
-3.24743154863956   	-3.13762870334404   	136.490502974455    	
-4.19160655581748   	-3.94777890649256   	136.485269676297    	
-5.10801872155816   	-4.79525502848464   	136.503085870942    	
-6.03180427261973   	-5.64059441344111   	136.511021929358    	
-6.94586436083637   	-6.50789283434933   	136.513023127227    	
-7.83118689790596   	-7.38022505209131   	136.49600716946     	
-8.71288925507801   	-8.27640840362113   	136.510458302589    	
-9.57824020803572   	-9.17990910809172   	136.490497254169    	
-10.4503371739285   	-10.0486443277735   	136.490962555442    	
-11.2981579816169   	-10.9854400390744   	136.498016350697    	
-12.1464466590916   	-11.9193356997736   	136.495259067774    	
-12.9775977565006   	-12.8312174620502   	136.50174327679     	
-13.7819165747986   	-13.779382353346    	136.498658883996    	
-14.608673437506    	-14.740028216927    	136.511690072447    	
-15.3867845188406   	-15.7090482681185   	136.514824969216    	
-16.1860136964431   	-16.6628706357556   	136.503662187891    	
-16.9818687217825   	-17.6678420061755   	136.505388000148    	
-17.7329274834249   	-18.6416504032891   	136.502217981638    	
-18.4843865965618   	-19.6248722780007   	136.483067303726    	
-19.2189890337592   	-20.6370154139765   	136.498028015746    	
-19.965243110242    	-21.6472094687033   	136.49409780744     	
-20.679701132535    	-22.6754987361379   	136.492109325293    	
-21.4723293910937   	-23.5165863624779   	136.488914132292    	
-22.091938415761    	-22.6786317410473   	129.509838004918    	
-21.7269962407061   	-21.5421330517629   	129.495326402415    	
-21.1912528828675   	-20.3797163727293   	129.501616593652    	
-20.6496128194198   	-19.2572000926913   	129.495404503984    	
-20.0622969092399   	-18.132777467302    	129.498698421052    	
-19.4976899546785   	-17.0257308358339   	129.50084644198     	
-18.8797085318027   	-15.9168801858891   	129.480877003535    	
-18.2681338447893   	-14.8142272075381   	129.509353615885    	
-17.6255313863592   	-13.7138272130789   	129.500538060079    	
-16.9580202008167   	-12.6434628095372   	129.502630052653    	
-16.2789752833704   	-11.5915328329171   	129.496061720954    	
-15.5989231614039   	-10.5467056859026   	129.509817058323    	
-14.8413357065361   	-9.50676564069074   	129.504521312384    	
-14.1277712798005   	-8.50378675473379   	129.501753171126    	
-13.3486906561123   	-7.48893989680761   	129.497253503817    	
-12.5907781580307   	-6.49714308877135   	129.502216450391    	
-11.7747201617334   	-5.5061611077936    	129.486733810991    	
-10.9556572579049   	-4.56241723820285   	129.514780702207    	
-10.118915777597    	-3.61599490752085   	129.50520036467     	
-9.26617798245097   	-2.6902873311375    	129.503175340381    	
-8.39936169248046   	-1.78878485415588   	129.505360347164    	
-7.48529010262139   	-0.889409367187007  	129.501306472838    	
-6.57589841559107   	-0.0504093625985024 	129.507726983086    	
-5.62812630053446   	0.802017341807685   	129.50935773174     	
-4.65651031475002   	1.61058919280456    	129.507211560572    	
-3.68448327406698   	2.40203882692969    	129.493082315435    	
-2.69442259945741   	3.16953664583448    	129.491439770869    	
-1.6409475912671    	3.89104952891978    	129.496273541044    	
-0.610841710421626  	4.63847753713749    	129.495128030373    	
0.44055703995731    	5.30511044940806    	129.491389914406    	
1.51609386457818    	5.95474114194743    	129.49006378154     	
2.62272413162504    	6.58045272747068    	129.49921864078     	
3.73268026344355    	7.15190709060458    	129.511539353079    	
4.88832680605253    	7.68219857255803    	129.479826210366    	
6.02884638739908    	8.1907238110921     	129.4849628092      	
7.20400035581132    	8.6409103421244     	129.495169417015    	
8.39012243653502    	9.06484992906392    	129.495920508578    	
9.61642175029571    	9.42587021928561    	129.495492824348    	
10.8265055691348    	9.73301043510895    	129.49716792495     	
12.0520944350195    	10.0052635265957    	129.51011924269     	
13.3044895468348    	10.2054027947457    	129.496565972127    	
14.557089282856     	10.352905223615     	129.506344706068    	
15.8151549003359    	10.4451879305228    	129.498537507418    	
17.0750919878189    	10.4813198404559    	129.5095691631      	
18.3360974047378    	10.4602539704329    	129.48894446466     	
19.6015298221364    	10.3618464603154    	129.506404191002    	
20.8493210936359    	10.2097650347868    	129.500714578248    	
22.0978488581288    	10.0108765625409    	129.502265318312    	
23.326609567357     	9.7246912274672     	129.487597748251    	
24.539273260395     	9.42023829336582    	129.496215763749    	
25.7568483519538    	9.05948833723315    	129.507555175312    	
26.8641822632729    	8.54452788665376    	129.501945378146    	
25.8354116693761    	8.26078969147476    	129.502759591566    	
24.5782998439027    	8.24498506706969    	129.492577125193    	
23.327097666245     	8.23116539664934    	129.499379097258    	
22.0297914848823    	8.15419939910504    	129.516087477092    	
20.7995197454302    	8.02277259908941    	129.502853272122    	
19.5591984730876    	7.83988376140978    	129.507287575806    	
18.2907068575551    	7.62084487720683    	129.489066259361    	
17.0759382495321    	7.3664258878333     	129.491466826627    	
15.8577516670957    	7.0809773949006     	129.493208724707    	
14.6330913728788    	6.73441015191904    	129.504895250166    	
13.421792879174     	6.36481661355524    	129.494181016733    	
12.2400424164775    	5.95115691567701    	129.484134894881    	
11.0564536052635    	5.51323035643316    	129.501224835277    	
9.89955733665192    	5.03903624473477    	129.502986550546    	
8.72474404282493    	4.53362895190746    	129.503620785004    	
7.59543876106333    	3.99907404422057    	129.49334310987     	
6.47175227579248    	3.40167080180891    	129.491546284269    	
5.34449827027554    	2.84659148191778    	129.488550429766    	
4.25328235449771    	2.2228056594349     	129.514238502321    	
3.16988542879629    	1.58143305395592    	129.517377454338    	
2.09047795485729    	0.91924951091894    	129.486821487076    	
1.04094548142981    	0.213797030471542   	129.502567882446    	
-0.0127796937322968 	-0.486536283143223  	129.508945057295    	
-1.03587640197008   	-1.20606205212753   	129.503187155314    	
-2.03725814022181   	-1.94740643637605   	129.506008923372    	
-3.05032614265415   	-2.71603671597303   	129.498439624417    	
-4.04974414737902   	-3.50066133647191   	129.501901929288    	
-5.02017705361955   	-4.30574128324905   	129.511835839934    	
-5.9757844100926    	-5.10868872774391   	129.509252505603    	
-6.93698880550264   	-5.94163808382274   	129.496639762364    	
-7.86987055712919   	-6.77195371990823   	129.494882150582    	
-8.78940446307874   	-7.61998755425381   	129.512732873618    	
-9.72517919928855   	-8.50630846152631   	129.4975554582      	
-10.5994531789192   	-9.40666815853354   	129.495250340411    	
-11.5027464168802   	-10.2741273990559   	129.50163966455     	
-12.3927236415148   	-11.1856831767998   	129.496269013589    	
-13.2518453549237   	-12.0974235099032   	129.499933994937    	
-14.1042162726351   	-13.0279429910988   	129.497291688483    	
-14.9605889437217   	-13.9662599683743   	129.507781563044    	
-15.7948505801864   	-14.8974141719223   	129.498656000291    	
-16.6114078826393   	-15.8961463355223   	129.497664031946    	
-17.4080396902926   	-16.8365996439001   	129.509326320274    	
-18.1879252409739   	-17.8206921325771   	129.49940032506     	
-18.9953676833781   	-18.8185454905604   	129.497788326718    	
-19.7573677104035   	-19.7944087810208   	129.49741472727     	
-20.505930604155    	-20.804513976924    	129.488972577281    	
-21.2889922402474   	-21.7887793528011   	129.495491129235    	
-22.0855388035267   	-22.6813655183303   	129.50572181954     	
