-14.7535563248695   	-28.6348630043054   	185.525571342141    	
-14.4549199929766   	-27.4784363772501   	185.514478861831    	
-13.9448077871853   	-26.2876526874348   	185.482970865266    	
-13.3738729026948   	-25.117713223248    	185.499912776909    	
-12.8603763743717   	-23.9609893157318   	185.496021404557    	
-12.3094571116285   	-22.7639364988557   	185.484152181956    	
-11.7973741425982   	-21.6184289728246   	185.474767779846    	
-11.2267754592656   	-20.410947810206    	185.502376236176    	
-10.7263537256927   	-19.2635746210423   	185.497767497053    	
-10.1320161082507   	-18.1136251800723   	185.52714520333     	
-9.58796680052172   	-16.9422920458817   	185.506662251253    	
-9.05617329836909   	-15.8120316773659   	185.470711329813    	
-8.46767058962015   	-14.650563882213    	185.477322219114    	
-7.89000703576482   	-13.4657929322192   	185.482137719672    	
-7.29151231866731   	-12.3139153761514   	185.519191279825    	
-6.71006696287076   	-11.1919942012533   	185.497404865625    	
-6.1546470324647    	-10.019061303745    	185.475748360454    	
-5.57085916453158   	-8.89705777089892   	185.529384632381    	
-4.98642445086172   	-7.69900021621858   	185.480442802918    	
-4.37651332878895   	-6.62922163096267   	185.518005779835    	
-3.76030597199478   	-5.44396055837555   	185.491089277595    	
-3.16260014745575   	-4.3007363127713    	185.496989970909    	
-2.54668579689403   	-3.16038142994935   	185.507184726651    	
-1.95392979904083   	-2.01549604922597   	185.52161884094     	
-1.32796566837559   	-0.924206470259139  	185.502355165603    	
-0.712026437661676  	0.239693247951485   	185.505951290606    	
-0.0901101140455107 	1.38559155135186    	185.49383674717     	
0.521707787628163   	2.48397791777487    	185.52268346254     	
1.15897191697568    	3.57895378365128    	185.491283114851    	
1.77943378313322    	4.72445924877952    	185.484034242052    	
2.4398875594371     	5.85538555490325    	185.491540985328    	
3.06201217490409    	6.98294885778533    	185.469039050852    	
3.69598876731202    	8.07796451152832    	185.495856408789    	
4.34613885091837    	9.24199872626715    	185.493255308927    	
4.99261225314021    	10.3445472407245    	185.479647550236    	
5.66059490366772    	11.435578844398     	185.494671738908    	
6.27527746336851    	12.5529635861747    	185.503537404641    	
6.95782595414047    	13.6683493231028    	185.50585942047     	
7.59972773778533    	14.8043899688462    	185.498564114184    	
8.26272861726169    	15.8889395786045    	185.49508189514     	
8.88444276640479    	16.9938541836099    	185.513541257624    	
9.53781906403494    	18.0880730423202    	185.513666820794    	
10.2176007574253    	19.214911254673     	185.491342863983    	
10.8105652572763    	20.3303292033974    	185.511279963291    	
11.4965152742668    	21.4568181903717    	185.501245656216    	
12.1018716942809    	22.5681219519236    	185.502384525342    	
12.7487679624677    	23.673567972063     	185.492331844428    	
13.3735669759331    	24.781888615499     	185.480944117       	
14.0316590093466    	25.930192032643     	185.546173170822    	
14.6543373016863    	27.0907924062059    	185.533932222404    	
15.0398328130959    	26.9109243247797    	185.51478283491     	
14.4797467645064    	25.7627084229746    	185.483141744969    	
13.8712753981111    	24.6118007732017    	185.502349935325    	
13.3109624974568    	23.4614899144202    	185.504174437508    	
12.6766120250886    	22.2745731329806    	185.519815000353    	
12.1274401932419    	21.2135539742105    	185.517561836166    	
11.4904971440754    	20.0607782839776    	185.47456204588     	
10.900175769275     	18.9104059481986    	185.500335126311    	
10.2902448788909    	17.7944825250075    	185.498455078853    	
9.70034987704086    	16.6097124111585    	185.513122723329    	
9.05621516632552    	15.5058351076243    	185.482823851392    	
8.45982128467557    	14.3758450935186    	185.50673303393     	
7.78806070483619    	13.2705971481482    	185.527535543092    	
7.18000634742214    	12.0842359458408    	185.506125237942    	
6.56822826171126    	10.9926152506936    	185.466210458945    	
5.94287474217666    	9.87239646654302    	185.51116163886     	
5.27784275714278    	8.73221049662596    	185.501661100413    	
4.65642869577557    	7.60924963038056    	185.479067289782    	
4.03089356559123    	6.49609134566543    	185.494596665828    	
3.40001395032066    	5.35849481705259    	185.515700328764    	
2.8319474327756     	4.25377097046305    	185.489109965848    	
2.17328909997752    	3.12396078740643    	185.47000101784     	
1.54662831363943    	1.99447467382553    	185.522626538608    	
0.908202414053916   	0.897319545850427   	185.496556240099    	
0.264305297997462   	-0.239974834506649  	185.503327321401    	
-0.343811927703047  	-1.36492728324255   	185.49304107275     	
-0.936970855131572  	-2.512526409051     	185.478919045688    	
-1.58276780152138   	-3.6383116209036    	185.500295943132    	
-2.17955098461974   	-4.77333852239103   	185.48330009329     	
-2.84128997265795   	-5.91472154228239   	185.495780191006    	
-3.43933128114234   	-7.07193796205529   	185.513652714601    	
-4.02490935444895   	-8.22247336940636   	185.533876368292    	
-4.68833984694303   	-9.32959288705881   	185.480645266358    	
-5.28566926508808   	-10.4475905524772   	185.481219209898    	
-5.81663779704574   	-11.5976343046134   	185.495893948778    	
-6.45870543566512   	-12.7326082354069   	185.47946417298     	
-7.07581009591793   	-13.8597535871594   	185.520204634916    	
-7.67215926249273   	-15.0081866289373   	185.492326870139    	
-8.25177138053141   	-16.1430179096911   	185.515692329718    	
-8.86827817902358   	-17.2833131227183   	185.49366997686     	
-9.45838008210504   	-18.4182913173706   	185.477361947903    	
-10.0006327543977   	-19.595235535509    	185.545685046813    	
-10.6176747257446   	-20.7127517986521   	185.503118933319    	
-11.2112446869164   	-21.8644896819685   	185.495292196016    	
-11.7574288437228   	-23.0503443221527   	185.473476615182    	
-12.3408575073989   	-24.1689179312362   	185.470401688009    	
-12.9363256103909   	-25.3628307274342   	185.467589669198    	
-13.487796834299    	-26.4959363576189   	185.502401233041    	
-14.0633065227948   	-27.6248279202436   	185.497706932341    	
-14.7441945217016   	-28.6284796356424   	185.506976544512    	
-15.7862347249462   	-27.872514152246    	178.497821382561    	
-15.3750685202311   	-26.7357743660794   	178.494110854324    	
-14.9309368135476   	-25.5458697956588   	178.520603075404    	
-14.3090133301144   	-24.3935108774525   	178.475165049842    	
-13.8201563558048   	-23.2370860238113   	178.497156305572    	
-13.2504454345743   	-22.0895217569422   	178.500645920385    	
-12.7190931869176   	-20.9179561244727   	178.501301620023    	
-12.1528967207694   	-19.7873410685478   	178.511665661027    	
-11.6206967339668   	-18.6451767279492   	178.499293241325    	
-10.9777141106422   	-17.5047883242597   	178.481814685264    	
-10.4029039183421   	-16.3661596416949   	178.498818275475    	
-9.8659153172868    	-15.2442828739266   	178.506087896319    	
-9.27318730602448   	-14.0859827434524   	178.476314720427    	
-8.62693031579167   	-12.9860211170374   	178.496672885827    	
-8.01757202702012   	-11.8208371061351   	178.507659556209    	
-7.44146791111877   	-10.7097407604995   	178.520702370298    	
-6.81811106662746   	-9.60637664962241   	178.493779906803    	
-6.22196146073846   	-8.46129539875069   	178.48050227131     	
-5.56488942262635   	-7.33636017156117   	178.523836681937    	
-4.88405740126285   	-6.26081838105326   	178.493482655569    	
-4.30440735503453   	-5.13893397453514   	178.508933641258    	
-3.62748330628369   	-4.06000418672741   	178.50229526138     	
-2.95503699396502   	-2.93365954312591   	178.453231979576    	
-2.33563993184624   	-1.88546699691437   	178.524171485184    	
-1.62675486398903   	-0.778633862967167  	178.493472776301    	
-0.985863706343752  	0.29024742046242    	178.521338665801    	
-0.308881822364944  	1.37150457360554    	178.518066778895    	
0.3880537452352     	2.47428411209771    	178.477209092828    	
1.12198274664726    	3.58837113944232    	178.453672078471    	
1.76859744169002    	4.60615757469755    	178.478673231468    	
2.4730188323423     	5.72243713011048    	178.501535451431    	
3.18632517132616    	6.74308430750212    	178.505310817786    	
3.86116751928158    	7.83173733094092    	178.484888671674    	
4.5756458689087     	8.88686290689711    	178.495737533117    	
5.32542764941876    	9.95764325673168    	178.530325506224    	
5.99495119928787    	11.0511642215221    	178.533363821197    	
6.73208738719128    	12.0819202758949    	178.528800353938    	
7.46514030118555    	13.1520894034926    	178.48210363529     	
8.20128722027878    	14.1742992119942    	178.46436475339     	
8.92108436423317    	15.1947017709208    	178.496386660193    	
9.66825978554171    	16.2636103549604    	178.522955732757    	
10.4113005792936    	17.3139167692993    	178.496287550686    	
11.162738692802     	18.3208539670172    	178.518353290602    	
11.8581516126234    	19.345334231996     	178.491874602742    	
12.6325143728181    	20.4282830615669    	178.496839135352    	
13.299767486121     	21.4611842514065    	178.500840594151    	
14.0810054240094    	22.5228421899525    	178.500586962397    	
14.8396931592023    	23.5801747447789    	178.545760465483    	
15.593242063017     	24.5999720059319    	178.503794568343    	
16.3304970543856    	25.6166231403346    	178.487105021713    	
16.7779954738901    	25.5246577584257    	178.504118346709    	
16.0749451576154    	24.495706382998     	178.466840711842    	
15.415046457515     	23.3460311469558    	178.493697697702    	
14.761717197827     	22.2896953342374    	178.476937400393    	
14.0454024611828    	21.1911394126503    	178.509755066752    	
13.3491087041976    	20.1211121993607    	178.491527494404    	
12.6975958072512    	19.0725373948358    	178.499822887298    	
11.9399900078792    	17.9696514495703    	178.497219943404    	
11.2617862290874    	16.9026704190001    	178.479340255436    	
10.5547385574045    	15.8484249001297    	178.500722082091    	
9.87665395716562    	14.744133002065     	178.516456827593    	
9.16184833220779    	13.6857123230686    	178.492334240392    	
8.44569714821071    	12.6311585964011    	178.480912672621    	
7.79629389668291    	11.5590511129158    	178.464006516553    	
7.13274989383602    	10.4986518232246    	178.478592208668    	
6.41699229269153    	9.37251652085444    	178.496582040212    	
5.71919333496625    	8.28536261964315    	178.492582426839    	
5.02906982764604    	7.28289516008174    	178.487761719558    	
4.33152882240917    	6.15654812846367    	178.516656704981    	
3.62901723108145    	5.06623446665836    	178.506098984058    	
2.9424730450171     	4.01245641944189    	178.502034523905    	
2.26201822399415    	2.9957704273432     	178.502249799896    	
1.54532693202539    	1.87438425458492    	178.530226187877    	
0.885149920620377   	0.809364018072835   	178.532379516536    	
0.207711380600973   	-0.315304010440217  	178.495935863987    	
-0.474703779627526  	-1.39279376941551   	178.504567353508    	
-1.17216132620442   	-2.47435082844623   	178.485424912536    	
-1.84211087518274   	-3.55988848370889   	178.474330920519    	
-2.47514830157428   	-4.62669262209992   	178.495807714321    	
-3.17151470608662   	-5.76362024762966   	178.498930731889    	
-3.82212761236865   	-6.85799584210579   	178.556667683102    	
-4.48806503779277   	-7.91563678602495   	178.516929331063    	
-5.15016552725032   	-9.05094841178135   	178.473966492293    	
-5.79010493565596   	-10.1322434382606   	178.508020117047    	
-6.42178414417994   	-11.2178808751657   	178.499965646608    	
-7.04397535446863   	-12.3247015982273   	178.493926834691    	
-7.67974173118556   	-13.4482974240634   	178.479686981962    	
-8.31770206997333   	-14.5520123649645   	178.535922188067    	
-8.95399187634489   	-15.660360968711    	178.523650859839    	
-9.62273136224344   	-16.7798460920894   	178.489544122993    	
-10.1981020737895   	-17.8971791840306   	178.504198561739    	
-10.8177462541279   	-18.9990977946115   	178.49673680934     	
-11.4571663472458   	-20.1857514164691   	178.504745284603    	
-12.0478203937049   	-21.2580215002938   	178.50357321416     	
-12.6817783805707   	-22.3660401586944   	178.511325863638    	
-13.3187258403226   	-23.5179537667378   	178.469442858934    	
-13.8385691111757   	-24.6132071423325   	178.478454910678    	
-14.4296709426921   	-25.8057693318684   	178.48616566851     	
-15.0893026812725   	-26.9314549978035   	178.517947830544    	
-15.7217184933838   	-27.9135102997625   	178.493949350767    	
-16.7072901222044   	-27.1192763583831   	171.532142221781    	
-16.4093507701947   	-25.9633481678042   	171.492458900221    	
-15.8801280910103   	-24.8417306158691   	171.492264326389    	
-15.2908057476732   	-23.6345714112131   	171.492287660449    	
-14.7467921954912   	-22.4719989702336   	171.528235448789    	
-14.1977285681814   	-21.3948676788076   	171.495465107905    	
-13.6316193580651   	-20.240039680455    	171.50153205685     	
-13.0300075268811   	-19.0981432901523   	171.514046949596    	
-12.4566340332847   	-17.9775603358285   	171.502733381721    	
-11.8897677461108   	-16.8715823532646   	171.502735354812    	
-11.2472091238755   	-15.7806894555687   	171.466447419014    	
-10.6449470041996   	-14.607764375425    	171.463866117476    	
-10.0303750859258   	-13.5191068166494   	171.51704088253     	
-9.38542795678712   	-12.4142138140376   	171.50222579878     	
-8.78789309466448   	-11.3151172804066   	171.502475765637    	
-8.12312131982716   	-10.2337194824568   	171.497455442315    	
-7.46532579655814   	-9.15152663430577   	171.503378291838    	
-6.77442393498324   	-8.05733871493978   	171.466341873619    	
-6.10251473481887   	-6.97432381486967   	171.499669528934    	
-5.4464047385592    	-5.90398770790202   	171.477177902406    	
-4.72977048368203   	-4.81630717958629   	171.482935810232    	
-4.01766657542987   	-3.74917537612693   	171.525279778618    	
-3.39279293723933   	-2.6981490261484    	171.503634858549    	
-2.64621193687002   	-1.62051338138843   	171.496131517104    	
-1.9181771990151    	-0.592458754321734  	171.479686603844    	
-1.23309935909892   	0.472008503902516   	171.47203286134     	
-0.46234227371045   	1.48160983344794    	171.492130850396    	
0.240104840679374   	2.53247008036269    	171.488993241461    	
0.99685861716724    	3.58121586475294    	171.483319193841    	
1.7932299519173     	4.61821602058055    	171.492132878054    	
2.51604649819759    	5.60038264605661    	171.512264537464    	
3.25593412154203    	6.59242920654058    	171.447993893401    	
4.02778007479951    	7.62128891253228    	171.480709712118    	
4.79489297479125    	8.61843413498392    	171.517297073871    	
5.59829051821323    	9.62890115983965    	171.525668500524    	
6.37128760624838    	10.6029138545584    	171.517059005817    	
7.21971161953376    	11.6194628948345    	171.493236409654    	
7.98296484451219    	12.6244595008064    	171.503911022373    	
8.80792229826773    	13.5803172361065    	171.471793424102    	
9.64661852416472    	14.5801918864565    	171.504167653884    	
10.4354777867573    	15.5209272357669    	171.524172286345    	
11.2853111319228    	16.5078107609691    	171.471011501065    	
12.0683866609774    	17.4910288936902    	171.521330303864    	
12.9000269212079    	18.4141774600371    	171.522600433867    	
13.7637383477479    	19.3349344998045    	171.509875488052    	
14.5862591756621    	20.3487554552592    	171.553561447379    	
15.4157655895746    	21.2889275364835    	171.502564781857    	
16.2879477026521    	22.2707483475407    	171.501282642629    	
17.1637217454256    	23.2029553519227    	171.502402611928    	
17.9503059028912    	24.1359935253637    	171.504055671942    	
18.4561417347079    	24.0999941674299    	171.534352739559    	
17.7210660090968    	23.0592640787646    	171.465189447734    	
16.8991557162299    	22.0369213196566    	171.508606780777    	
16.170990979399     	21.0811165427983    	171.522379381104    	
15.3931231235441    	20.06575206266      	171.464574929567    	
14.5803148148167    	19.0309911136324    	171.526475239381    	
13.8104054537917    	18.032860324915     	171.524594260532    	
13.0430680096634    	17.0658954710017    	171.468039008462    	
12.2653702558108    	16.0103472124636    	171.501409867543    	
11.5103268093329    	15.0012713883118    	171.494871663347    	
10.717422506406     	13.992320155687     	171.493438448903    	
9.93029310372643    	12.9938663837209    	171.506599400182    	
9.17380442188501    	12.0123919146089    	171.498844202581    	
8.41219181279964    	10.9713400913965    	171.506756886134    	
7.58083884035046    	9.96219915705047    	171.464887019903    	
6.87472348728055    	8.96511267001141    	171.473247147783    	
6.10345967613725    	7.92699024471005    	171.497007960968    	
5.36097122731511    	6.92788423257137    	171.496287722177    	
4.57149365008523    	5.90653029114118    	171.472362141744    	
3.84972612572806    	4.85651144618055    	171.465075737361    	
3.08887566072898    	3.82627309070892    	171.535532115643    	
2.37177895866282    	2.76721623171137    	171.510421981234    	
1.63149538175928    	1.7494879261256     	171.493961684583    	
0.854474956933973   	0.729896331991423   	171.476234593974    	
0.122215487336943   	-0.313637600475461  	171.515472219979    	
-0.607833517612069  	-1.33067902084203   	171.521814790462    	
-1.33361659794965   	-2.37274184807735   	171.477138155117    	
-2.04437314154566   	-3.4438372703271    	171.498440119376    	
-2.76387208057744   	-4.44936302305405   	171.501032142185    	
-3.46874209334689   	-5.55433096997179   	171.536730074108    	
-4.16804178142761   	-6.59586102322563   	171.507325661795    	
-4.89801289466962   	-7.63228993328521   	171.463307682791    	
-5.60496779813357   	-8.71402241014097   	171.496312426781    	
-6.29749131229932   	-9.78215316137325   	171.500197155101    	
-6.97071647424571   	-10.874466402872    	171.491924128758    	
-7.67315119559778   	-11.9434769182503   	171.504304664066    	
-8.324523529506     	-12.9969493277441   	171.503942563316    	
-8.99089874338758   	-14.0611820769754   	171.521162114195    	
-9.67713497334743   	-15.1790275529992   	171.494144091928    	
-10.3062461238787   	-16.2450086189124   	171.503407370044    	
-10.9584801467598   	-17.3267905236468   	171.495663240442    	
-11.6362749089914   	-18.4150773393355   	171.504357989662    	
-12.2806285222711   	-19.5365555766154   	171.505674622365    	
-12.943318781533    	-20.6438600959186   	171.48612016352     	
-13.5560565866219   	-21.7346121230107   	171.546622840713    	
-14.1873155327582   	-22.8471313074475   	171.479748211474    	
-14.7370697725747   	-23.9315004187892   	171.512537300754    	
-15.4248450320168   	-25.059546693488    	171.464656946868    	
-16.0157524725305   	-26.2006000362116   	171.481912628684    	
-16.7604087287227   	-27.0790638209393   	171.508884965959    	
-17.7167573642536   	-26.3544408734604   	164.498511403553    	
-17.3746700808768   	-25.2172966557366   	164.531199518234    	
-16.8606424225127   	-24.0757166195237   	164.464190252776    	
-16.2675279145778   	-22.9573072728605   	164.499236759569    	
-15.7132067779055   	-21.8106606066086   	164.473726205324    	
-15.1483281766854   	-20.7174755563106   	164.490984893809    	
-14.5887601775175   	-19.5513587728394   	164.517799604702    	
-13.9420828009416   	-18.4500841500369   	164.52381382431     	
-13.3400300220127   	-17.3468153274285   	164.46430732039     	
-12.7656268700796   	-16.2328282990104   	164.506805243135    	
-12.1176792381608   	-15.1098898901263   	164.494326222058    	
-11.4890619764788   	-14.0464369546733   	164.478965631057    	
-10.8366438105764   	-12.9572863662287   	164.470969369543    	
-10.2025469953957   	-11.8935181310396   	164.50354372367     	
-9.54018302766029   	-10.8075037341551   	164.499635095015    	
-8.81238303493442   	-9.76497387040164   	164.444106765178    	
-8.17179105548837   	-8.70068781660257   	164.498739358426    	
-7.47229746860082   	-7.5926390819955    	164.513952618093    	
-6.73879276531995   	-6.58073750432094   	164.516683138859    	
-6.02025469980611   	-5.512303860289     	164.496188184729    	
-5.32082749596292   	-4.51605057661202   	164.512776420421    	
-4.58103690147692   	-3.49474838302818   	164.489267162542    	
-3.83455274979803   	-2.45709186031315   	164.536378132314    	
-3.0995019309748    	-1.43459112674304   	164.483207930857    	
-2.32774535010135   	-0.432297262582478  	164.450170913677    	
-1.5434739108443    	0.549910251841463   	164.490684657117    	
-0.743701975825974  	1.529113489078      	164.52303118551     	
0.0679081337350384  	2.55932677507486    	164.502552245378    	
0.838269521584238   	3.51901971915887    	164.4877711116      	
1.65953997115385    	4.51787653976371    	164.475808671925    	
2.4612832016721     	5.45631546236053    	164.478498737545    	
3.29349856318726    	6.40110460690476    	164.502140266335    	
4.13735670462388    	7.36577961330856    	164.473379399721    	
4.99016168764097    	8.28204831238571    	164.505284670897    	
5.82592915193297    	9.20911494641915    	164.523195266291    	
6.67681517664626    	10.1705007049531    	164.467036963352    	
7.54730687103011    	11.0452601413413    	164.516731306778    	
8.4451815313954     	11.9204020830027    	164.503355665331    	
9.35490780284973    	12.8604526405314    	164.506852721448    	
10.2537406036088    	13.7532022718155    	164.474682024352    	
11.0997201976494    	14.6320658924355    	164.493648618519    	
12.0321726737738    	15.5199923941763    	164.51649554228     	
12.9537851470729    	16.3982023301536    	164.489127535061    	
13.8569832388197    	17.2632607777298    	164.468798628908    	
14.8287963189921    	18.107929308806     	164.521024115181    	
15.722959651974     	18.9760541264889    	164.483813682279    	
16.7065788122459    	19.7995458677012    	164.513889568526    	
17.6236431417079    	20.6676321693851    	164.502890055665    	
18.6017362990039    	21.4597019279209    	164.524280508465    	
19.5550448307439    	22.2998942734099    	164.482568467816    	
20.1832262059859    	22.254585599752     	164.499888934189    	
19.2921615367439    	21.3815591704802    	164.474492461208    	
18.4573255394887    	20.4714808353882    	164.498784019773    	
17.5539284404318    	19.5469150856361    	164.500534532842    	
16.6634082685897    	18.652925005465     	164.484372923006    	
15.8188538696628    	17.6977492941033    	164.516182281979    	
14.941068595675     	16.7762717312264    	164.503631829535    	
14.0724089186315    	15.8666928113025    	164.512610813974    	
13.2191315509651    	14.9171011653937    	164.499442200326    	
12.3707174108699    	14.0190575744353    	164.498749220369    	
11.5424206792519    	13.0670843351788    	164.530746080322    	
10.6309944524093    	12.1985469167721    	164.502554841613    	
9.8325422424329     	11.240255062867     	164.492154760157    	
8.9848181470491     	10.2449989713548    	164.527298700526    	
8.13629478151709    	9.30214342775918    	164.486760334619    	
7.29096717603579    	8.36784124425519    	164.473188424273    	
6.48345619982626    	7.42123135083517    	164.502408685368    	
5.62004592140521    	6.46172156339245    	164.528270231628    	
4.85101858664948    	5.50170061633346    	164.496881403015    	
4.04470462941745    	4.53788393241294    	164.452945777625    	
3.19999266247785    	3.57162205465194    	164.525680450747    	
2.42929892730662    	2.61729348470622    	164.5337505467      	
1.61625968871328    	1.58540261109392    	164.478917211283    	
0.795024125016794   	0.657292526673945   	164.516422574181    	
0.0603146600861578  	-0.378954184806724  	164.554514114541    	
-0.77329257879936   	-1.31643069324092   	164.492840861906    	
-1.56782182227505   	-2.31433283876109   	164.535409233333    	
-2.3192609716701    	-3.33121897891362   	164.526550428901    	
-3.05938751924652   	-4.31749032605266   	164.547582131695    	
-3.86908918692048   	-5.33654015909381   	164.490793329142    	
-4.57893034918208   	-6.32554024506864   	164.505075931153    	
-5.34747069100945   	-7.40940156518331   	164.487113264406    	
-6.10162723941486   	-8.41902267988098   	164.472029260935    	
-6.7772043265011    	-9.44953625447226   	164.494107031768    	
-7.55032152144031   	-10.4795322689119   	164.481291269974    	
-8.27791587265604   	-11.5263231567952   	164.492049082082    	
-8.97196284930138   	-12.6156907376876   	164.519502312093    	
-9.69399242777888   	-13.6276127054416   	164.479250853401    	
-10.3989964620667   	-14.6865225514473   	164.52773675628     	
-11.0410282586413   	-15.7085816647526   	164.492824483895    	
-11.7073764105636   	-16.7664980177993   	164.500189694773    	
-12.4542135446033   	-17.8637347083367   	164.499592284661    	
-13.1004326699386   	-18.9281385143687   	164.521565772995    	
-13.8007514235376   	-19.9969503011042   	164.507918871169    	
-14.3947964391867   	-21.0473939640735   	164.490236504181    	
-15.0835102699568   	-22.1353907207736   	164.50937704913     	
-15.7186191907251   	-23.2482189078533   	164.500927790166    	
-16.328024114053    	-24.3496706723579   	164.479549037865    	
-16.9930553309817   	-25.4228249588107   	164.480362028056    	
-17.7647554873394   	-26.3439323685098   	164.494975151424    	
-18.7219724089343   	-25.5779986270535   	157.517059699508    	
-18.4236319928338   	-24.466874294       	157.466829267312    	
-17.8474964902182   	-23.384381946466    	157.520463915468    	
-17.2915480391342   	-22.2649615488197   	157.474880350336    	
-16.7146950840574   	-21.1355234426202   	157.505025474711    	
-16.1511929517928   	-20.0237596257818   	157.536226930505    	
-15.5525985021207   	-18.9251360334972   	157.524510950535    	
-14.9535649427471   	-17.832647112269    	157.471395967842    	
-14.3769194950134   	-16.7435851309371   	157.475569718847    	
-13.7477984737787   	-15.6944111952443   	157.501669613508    	
-13.0831241332794   	-14.5779909194525   	157.536525325828    	
-12.4607270424273   	-13.5214742281413   	157.503731688819    	
-11.7399391728196   	-12.4562393699812   	157.464412186148    	
-11.1001723382569   	-11.3764380024969   	157.491349266511    	
-10.4293899462805   	-10.3752404573279   	157.522771652336    	
-9.69820576239263   	-9.30732024419232   	157.513977951898    	
-9.01121181462962   	-8.27548075721389   	157.516961141756    	
-8.3003832517061    	-7.29666399892952   	157.477401630186    	
-7.54945192597697   	-6.28010697164032   	157.484495979937    	
-6.76901366517187   	-5.24525968067465   	157.508852030237    	
-6.09036965041582   	-4.24146627325877   	157.485379721699    	
-5.31479980829713   	-3.24468556352273   	157.468993179404    	
-4.51329570605063   	-2.30522492521766   	157.492029298528    	
-3.72535290223222   	-1.27826204581812   	157.479940877516    	
-2.89698846638469   	-0.337703053231193  	157.508917668994    	
-2.10562323192944   	0.59138177421133    	157.522048478348    	
-1.29088856286237   	1.51052224404604    	157.482286880823    	
-0.432167981892559  	2.45940573572386    	157.501101356427    	
0.399967532657439   	3.39261726773369    	157.504712162621    	
1.25210401066979    	4.28577154673263    	157.494076491963    	
2.13293117041353    	5.16558535734287    	157.479376328555    	
3.01119963361424    	6.08763818293335    	157.493573189957    	
3.92745652820045    	6.92966768042818    	157.508924828762    	
4.78422302924129    	7.8016102476186     	157.504128995617    	
5.72855174759881    	8.66512218212849    	157.499124472267    	
6.65155427041089    	9.51152964415562    	157.507172590531    	
7.63294501091478    	10.3426415707654    	157.548195022377    	
8.5732960690816     	11.1230226821317    	157.484234543735    	
9.50107648704134    	11.9212928342584    	157.472627599606    	
10.4897177269089    	12.698353140182     	157.513168979946    	
11.4760282420906    	13.4879430876391    	157.503697102085    	
12.4696360427624    	14.2157123777872    	157.510287277567    	
13.5100374535058    	14.9310422875628    	157.480519435128    	
14.5033860026134    	15.6615408335574    	157.483260655165    	
15.5420998980107    	16.382415457572     	157.486992145764    	
16.5794298803662    	17.0765286644302    	157.510313733787    	
17.6461625812727    	17.7323538340203    	157.466980591178    	
18.7186754115822    	18.3979796742818    	157.504103439499    	
19.809651524306     	19.0151536659852    	157.478674591555    	
20.8660969366634    	19.634536513639     	157.472002838616    	
21.8348372777508    	19.7084834063647    	157.487213682531    	
20.8049236924726    	18.921963952977     	157.490370511175    	
19.8031927233339    	18.1658671423554    	157.486151615976    	
18.8112187433098    	17.4246971135375    	157.477100138024    	
17.8327423515779    	16.6210028788335    	157.500183734444    	
16.868214718588     	15.8496406760247    	157.519759208728    	
15.8853939653199    	15.0349711879988    	157.488702397732    	
14.9585108964221    	14.2485811990658    	157.523519000702    	
13.9626849842365    	13.4406476965314    	157.474328674584    	
13.0454915037798    	12.6203537500957    	157.500057297898    	
12.1227377683241    	11.8201777948235    	157.465613423247    	
11.1600842541238    	10.9601559703227    	157.521035869007    	
10.2557394315861    	10.1234480391413    	157.480541682219    	
9.32603554781714    	9.27933412271686    	157.501772501522    	
8.45261938072959    	8.37667185865276    	157.50972197768     	
7.53632411082996    	7.5611894429602     	157.522429890497    	
6.6419567891948     	6.64494237200689    	157.516110691349    	
5.73122943503483    	5.75104801748167    	157.52246151943     	
4.85726494684836    	4.89670049052027    	157.50519189521     	
3.98564306737406    	4.00809180858915    	157.536038575423    	
3.13421992601089    	3.07482453716259    	157.498283230551    	
2.3140738357959     	2.21498693214811    	157.491844074286    	
1.41966120937289    	1.2754751165523     	157.492963498552    	
0.580648131282642   	0.384141125472977   	157.494846495702    	
-0.233954536830147  	-0.602595375709185  	157.507257191563    	
-1.11707010946355   	-1.55199111014988   	157.518798088883    	
-1.91683887548855   	-2.4311193771834    	157.50123022677     	
-2.71255401126717   	-3.40406253817274   	157.504030497299    	
-3.49144337909623   	-4.37945707302235   	157.5207315453      	
-4.32678181521658   	-5.35193029880366   	157.509858153617    	
-5.09303121972447   	-6.31900388856067   	157.522538417263    	
-5.92616385564412   	-7.30099033410781   	157.537319366541    	
-6.68774436601619   	-8.25852603845724   	157.49930529775     	
-7.43917072041766   	-9.22112867098453   	157.521990682954    	
-8.17343273614636   	-10.1928207262895   	157.501773864181    	
-8.92057260879591   	-11.1949168436986   	157.472904977248    	
-9.66613909862683   	-12.2278625764635   	157.486511025992    	
-10.4491927146525   	-13.2447376136665   	157.49368118409     	
-11.1797263497394   	-14.2861004406694   	157.500231203319    	
-11.8565992430464   	-15.271644845423    	157.536552662721    	
-12.5720534280649   	-16.2999183020019   	157.478650031681    	
-13.3180470003169   	-17.3687108586936   	157.473667800099    	
-14.0127219984724   	-18.3940918052502   	157.496806919899    	
-14.7008671902481   	-19.4350613526673   	157.49802946695     	
-15.3627987379205   	-20.4887819472453   	157.444797149496    	
-16.0432136301605   	-21.5501955765349   	157.523769486351    	
-16.6407603727132   	-22.597981438127    	157.496264596367    	
-17.3137650106883   	-23.6648780259351   	157.498306339202    	
-17.9946192611626   	-24.7213490821115   	157.500677250458    	
-18.7549494365651   	-25.6134627186421   	157.510748715841    	
-19.7442313088934   	-24.9303809567895   	150.466522690817    	
-19.459160528499    	-23.7884975435181   	150.48082967377     	
-18.9065068137939   	-22.6630494516315   	150.489096803661    	
-18.3451652908579   	-21.6024310009258   	150.469444639093    	
-17.767764951229    	-20.4500379174883   	150.465205599719    	
-17.2172135050545   	-19.4006989599519   	150.498235317725    	
-16.6295586603558   	-18.2623539554856   	150.501257576604    	
-15.9920049770244   	-17.1725137514447   	150.474426399648    	
-15.3975321889842   	-16.1243983325247   	150.509530184649    	
-14.7431077846226   	-15.0235741610783   	150.498129979557    	
-14.0535993018309   	-13.9898845503618   	150.514541633411    	
-13.4483144028605   	-12.9469212428726   	150.496847695855    	
-12.7561681665985   	-11.8958209573405   	150.490973602374    	
-12.0663619644885   	-10.8507831096869   	150.486029935755    	
-11.3943890964756   	-9.81002924842731   	150.527188345533    	
-10.6439989571658   	-8.7951674080433    	150.483635682381    	
-9.97861937398294   	-7.804113588552     	150.476278235123    	
-9.18263462288236   	-6.80453623343482   	150.476819587886    	
-8.45031485223757   	-5.80666624359542   	150.500893456328    	
-7.68595898509825   	-4.84999936636283   	150.519095421689    	
-6.90373103670418   	-3.90572766019049   	150.502914230849    	
-6.07921103058919   	-2.9013321342062    	150.5241914354      	
-5.29264391584142   	-1.97823333888004   	150.510631225951    	
-4.45376235030076   	-1.0632890301703    	150.510610420217    	
-3.62273150837483   	-0.166017056967701  	150.527857127585    	
-2.75460372797327   	0.774134019740262   	150.530052023831    	
-1.91389543170201   	1.62456091535422    	150.525941315768    	
-1.0349053937983    	2.53782974740587    	150.488915969438    	
-0.091045701267578  	3.38580543791422    	150.493150162994    	
0.803625426967037   	4.22100289042041    	150.487492225306    	
1.69616060596252    	5.05014559169071    	150.497328229277    	
2.62891102261962    	5.85729477322099    	150.496436783148    	
3.64218448528492    	6.68268967885579    	150.513761001777    	
4.57814316963684    	7.43906239995576    	150.497077261025    	
5.5547902216117     	8.21984359696846    	150.498035683089    	
6.56625778049105    	8.91147723454107    	150.494674551911    	
7.56802729634162    	9.63454626198419    	150.447463279591    	
8.6002684522851     	10.360330127058     	150.553996195532    	
9.6231333231048     	11.0636588474165    	150.527033962984    	
10.7097283789435    	11.7119670312593    	150.535316602219    	
11.7728833302819    	12.3126435545036    	150.478141676593    	
12.8363996542103    	12.9509491561709    	150.516026384193    	
13.9549036557384    	13.5351273140023    	150.502679369063    	
15.0516244557701    	14.0915513268787    	150.502155260475    	
16.1668219369281    	14.5901557701933    	150.553442170798    	
17.3237051642588    	15.0894986775473    	150.473303597423    	
18.4759665839216    	15.5738904511374    	150.525205010997    	
19.6600465055847    	15.9524972829013    	150.47512819752     	
20.8278700012733    	16.3573980469854    	150.505420793578    	
22.0218971518948    	16.7228608099208    	150.528905710054    	
23.2192838683554    	16.8343008307782    	150.507192173223    	
22.4033697811126    	16.1733478165521    	150.496120466851    	
21.2903859491359    	15.6148387957947    	150.514246164774    	
20.1476991323914    	15.0165764040862    	150.497404907469    	
19.1141723209571    	14.3860329525102    	150.499429356713    	
18.0281122756231    	13.7879545729038    	150.478412609253    	
16.9326966789024    	13.165836354704     	150.522078855873    	
15.9090349561437    	12.4835093327519    	150.495167651206    	
14.8565325183304    	11.808576010067     	150.530784395783    	
13.8010914459362    	11.1282198550951    	150.500088731876    	
12.7856457864206    	10.422658913682     	150.500434748153    	
11.8034199563732    	9.67225689012894    	150.490077265307    	
10.7758368637096    	8.95916859675923    	150.492050379701    	
9.81178851306611    	8.18979808816193    	150.506842539467    	
8.81532618818851    	7.43470872669003    	150.489597049905    	
7.86866244359294    	6.68596195170622    	150.504066095692    	
6.88308237877726    	5.87312653274644    	150.491952113771    	
5.92630748752274    	5.07959506691821    	150.499128758329    	
4.99281633775831    	4.28264682259795    	150.504313954738    	
4.06425273718769    	3.46157016261334    	150.474669925575    	
3.15801574344688    	2.58296226091804    	150.497189163348    	
2.19007499429286    	1.78247742752674    	150.533075481254    	
1.3200802894648     	0.974915873500497   	150.503841243632    	
0.373708263426796   	0.106845653649437   	150.48803730311     	
-0.463066907511164  	-0.789564761239211  	150.489871313899    	
-1.34360754382292   	-1.68506312937789   	150.480472659286    	
-2.20625564817503   	-2.56698915246497   	150.555665786223    	
-3.11851859211991   	-3.44199677321055   	150.50443251911     	
-3.92824113542642   	-4.32123963168351   	150.523059434862    	
-4.76254714502516   	-5.26295567878709   	150.506119940609    	
-5.62412062495622   	-6.20691215451614   	150.521808846705    	
-6.43971639283691   	-7.12212167863762   	150.501150496327    	
-7.28742565848307   	-7.99834021389081   	150.475462126328    	
-8.06958943537675   	-8.99027496466169   	150.501209522241    	
-8.84799794377881   	-9.95298318413605   	150.527857882581    	
-9.66555988719718   	-10.9286026477767   	150.516579854345    	
-10.424150222887    	-11.8478130661416   	150.512487698462    	
-11.14360864013     	-12.8870614089785   	150.504632840175    	
-11.9427206944253   	-13.8221360101403   	150.52675961922     	
-12.6811832949753   	-14.8368710714379   	150.493440177914    	
-13.4455838005232   	-15.7787598019386   	150.490890069881    	
-14.1976922050969   	-16.8131965679677   	150.508348170603    	
-14.8876430073529   	-17.8570452936311   	150.487304439993    	
-15.569137941923    	-18.8873872361831   	150.507198166804    	
-16.2880866563193   	-19.8945725079607   	150.497738787831    	
-16.9777618990405   	-20.9336732586374   	150.511233597144    	
-17.6833526377365   	-21.9671956854084   	150.491700937832    	
-18.3352387998058   	-22.9884094559757   	150.502980881973    	
-18.9985781227347   	-24.0422634922293   	150.493819732122    	
-19.7624601722125   	-24.9221044319017   	150.507397974746    	
-20.8176365540946   	-24.3324555074327   	143.493301994175    	
-20.4154305865487   	-23.1820654642086   	143.495686411298    	
-19.9046453111592   	-22.0726420417444   	143.520271025872    	
-19.3448599589406   	-20.9469730332497   	143.498147562106    	
-18.7848042299236   	-19.8715984040004   	143.462874260168    	
-18.2306745214394   	-18.710446132563    	143.501001635972    	
-17.6314188275644   	-17.6546084077432   	143.493271459308    	
-17.0219277087002   	-16.583144181081    	143.495249760279    	
-16.3673456789972   	-15.5483735999362   	143.499549450172    	
-15.7247323943813   	-14.4512694405121   	143.527605681236    	
-15.0642309180743   	-13.3853825401183   	143.491851656129    	
-14.4038610814581   	-12.308441417304    	143.513653143263    	
-13.6918625617906   	-11.2938871266941   	143.469192972015    	
-12.9830570831293   	-10.2674972837772   	143.509254645973    	
-12.2232397274844   	-9.30121506248504   	143.509079559198    	
-11.527231846448    	-8.2453355205478    	143.476440717404    	
-10.7792821381586   	-7.26828338873899   	143.506116871913    	
-10.0108735460478   	-6.30465687814534   	143.534605490056    	
-9.24779887929576   	-5.31496471611724   	143.503400550965    	
-8.40442748881736   	-4.33318070373767   	143.484925255826    	
-7.59998048831618   	-3.4555679976804    	143.505280739357    	
-6.77301479253878   	-2.50277858632775   	143.512680682907    	
-5.95821583683712   	-1.58782154819658   	143.526080239388    	
-5.08368533421381   	-0.689326061884183  	143.50320970328     	
-4.20106383491369   	0.202883077146529   	143.523619035649    	
-3.29721896871308   	1.05666797771332    	143.499135800932    	
-2.39198503352323   	1.92130504585887    	143.4921619049      	
-1.48305590416103   	2.76000359849081    	143.492767741518    	
-0.534250732654053  	3.5766995722016     	143.481614964256    	
0.406850052720884   	4.35875598755813    	143.496884958811    	
1.37933605746754    	5.14822629203451    	143.493491547602    	
2.39658048385957    	5.87734854192212    	143.497513922399    	
3.36233884922414    	6.68873569805877    	143.514672217336    	
4.43209826358112    	7.32540108050576    	143.49395486804     	
5.46807926316149    	8.04577171911398    	143.503859557176    	
6.45704083764834    	8.72761966621433    	143.475416203535    	
7.57018383748439    	9.34208596622212    	143.465892617216    	
8.70422259225945    	9.94470369831011    	143.507757975546    	
9.75534655149112    	10.5223530956929    	143.506316856443    	
10.8812757978387    	11.0950217420576    	143.506675926062    	
12.0073348838098    	11.5947201391878    	143.5192892103      	
13.158659368925     	12.0472560568367    	143.502954833086    	
14.358453968765     	12.4620364997197    	143.483739606405    	
15.5572989478815    	12.8766875341117    	143.464738793144    	
16.7492783956937    	13.2051642028156    	143.496646728829    	
17.9425791078817    	13.4920373752259    	143.530886423652    	
19.1561434967162    	13.7855938623055    	143.472252703468    	
20.3842431583103    	13.9445688889717    	143.467127613334    	
21.6457962176846    	14.0689690246312    	143.471418525121    	
22.8977190999711    	14.1741847145714    	143.495592352935    	
24.1008654497572    	14.2271687266986    	143.475474054337    	
23.8445195633454    	13.6368781374773    	143.496990176194    	
22.648835866802     	13.3135618757144    	143.476167265751    	
21.4940899085199    	12.9327419984073    	143.494184537372    	
20.2804325188662    	12.4503091838119    	143.479141751499    	
19.1492202774119    	12.0507586241194    	143.502213157605    	
17.9544259724046    	11.5391993770088    	143.498966224206    	
16.8437970204714    	11.042112843405     	143.50036155184     	
15.7268291648309    	10.4640627608448    	143.512096823343    	
14.6399549271289    	9.94855826043707    	143.466920091488    	
13.5367614905478    	9.31510505312967    	143.51924333577     	
12.4568834831525    	8.68019522496382    	143.485100893077    	
11.3875529787522    	8.03444894057237    	143.546832157228    	
10.3493280215091    	7.39769615430643    	143.53060025931     	
9.29021720846004    	6.67139888197977    	143.493672468988    	
8.25346516001585    	5.99510899260171    	143.517941091546    	
7.25876816685356    	5.2989862281343     	143.479011355462    	
6.26175112740009    	4.55506384113311    	143.535902825117    	
5.24392751711355    	3.8352706132424     	143.506500858304    	
4.22905663498062    	3.06318625662897    	143.500628412347    	
3.27324669616259    	2.26495612199124    	143.498052508011    	
2.2871350778018     	1.54382317132892    	143.51419050925     	
1.35540112775074    	0.73829637094836    	143.496393866061    	
0.452782918128565   	-0.0985346256661049 	143.502957496955    	
-0.50612076599057   	-0.939874595090137  	143.503052622451    	
-1.45652495588413   	-1.76662792660121   	143.482674564501    	
-2.36489728330568   	-2.5989418515595    	143.515401603928    	
-3.2720444088003    	-3.42046437045671   	143.497666362321    	
-4.16336902974544   	-4.28269320985937   	143.474538427422    	
-5.07342393831714   	-5.19679063004766   	143.482562447812    	
-5.95329642558052   	-6.07302325833761   	143.500847306081    	
-6.82661291393904   	-6.95536258432645   	143.527727052803    	
-7.674454651352     	-7.82337164925583   	143.495758251499    	
-8.51561744285256   	-8.73887858260337   	143.51181616746     	
-9.34924142684674   	-9.68355280220544   	143.521261791763    	
-10.1683516058103   	-10.6273939143467   	143.470693598471    	
-11.0310992533981   	-11.5828784917171   	143.511334160126    	
-11.8066344703146   	-12.5007195084222   	143.525208942522    	
-12.6147805748103   	-13.4607214477638   	143.470577704688    	
-13.4358434863235   	-14.4133224192998   	143.505606793165    	
-14.1847777694104   	-15.3654791527864   	143.49494631897     	
-14.9760432900223   	-16.3910172826105   	143.524414977654    	
-15.7035686995629   	-17.3483053018216   	143.522209251954    	
-16.4662330082081   	-18.3359426488442   	143.522467419133    	
-17.2065603069131   	-19.3420682970869   	143.490963905805    	
-17.927448285416    	-20.3496094753348   	143.47401945517     	
-18.6523440427      	-21.3859999469747   	143.470141117904    	
-19.3097718581103   	-22.3956609854917   	143.497033919619    	
-20.0100816352458   	-23.4427205129244   	143.505259611319    	
-20.7930534277716   	-24.3043935118071   	143.504946987564    	
-21.5051168836215   	-23.5347821892558   	136.506018089562    	
-21.1424357827241   	-22.3984020033833   	136.492927949375    	
-20.5718615090783   	-21.324574440659    	136.493544291363    	
-20.0425669012026   	-20.158378346966    	136.480534638761    	
-19.4401124593363   	-19.0183810018078   	136.489354519961    	
-18.9130685372851   	-17.9327296256298   	136.556295326563    	
-18.2770247053777   	-16.8270772259914   	136.495260211398    	
-17.6767508258352   	-15.7857800197073   	136.500131773081    	
-17.0240925384536   	-14.6697884910801   	136.476962001025    	
-16.3664931200653   	-13.6016433331006   	136.504511760513    	
-15.7241570845554   	-12.5411681152958   	136.488805507813    	
-15.0424634531596   	-11.5116384679132   	136.502357543483    	
-14.3006471193986   	-10.5204317911038   	136.498122153003    	
-13.6050936821451   	-9.47413182182511   	136.518028275078    	
-12.8654056507287   	-8.4392472331575    	136.508414231566    	
-12.0997957929711   	-7.42249941989588   	136.500875883591    	
-11.3551461177473   	-6.46248352490483   	136.507919572081    	
-10.5422950353044   	-5.48546778315664   	136.505791560087    	
-9.76536582961565   	-4.51968204902259   	136.49204729929     	
-8.91813053787388   	-3.55475054371565   	136.527417134812    	
-8.0645990726615    	-2.66381135433988   	136.508569590112    	
-7.20114360114417   	-1.77348518736163   	136.480040260985    	
-6.33566400233587   	-0.886250307993959  	136.531190464206    	
-5.37940476824192   	-0.0118612905516689 	136.509935290882    	
-4.51803820228074   	0.790368436099125   	136.495006545693    	
-3.59757300184279   	1.68253694064712    	136.496919431123    	
-2.63861744270221   	2.46327345608394    	136.510401578995    	
-1.6513225487862    	3.27601290102484    	136.474690033822    	
-0.690629636773143  	4.0426717271001     	136.513260896838    	
0.336780890782518   	4.79677795359502    	136.50160255817     	
1.36886499762973    	5.49912143759202    	136.506849245354    	
2.35780769735775    	6.17157278258167    	136.483993522732    	
3.45482556021968    	6.84936576563174    	136.505923354942    	
4.52988188777456    	7.49692425287521    	136.475691678205    	
5.6231294186325     	8.09623938421074    	136.470793313552    	
6.77173283115092    	8.6706047715396     	136.503943528216    	
7.84938999208582    	9.1910963756261     	136.481812600518    	
9.01664298389025    	9.71098861904352    	136.516495566399    	
10.1637212595978    	10.1501295041569    	136.505833936186    	
11.3562050467657    	10.571652139508     	136.513789542922    	
12.5008517276578    	10.9040500928051    	136.50825813271     	
13.7741303331784    	11.229694913491     	136.500234515275    	
14.9902221496137    	11.4622440901411    	136.496491380383    	
16.2189120161662    	11.7330288888179    	136.506277216161    	
17.4600007600015    	11.8343144168619    	136.523745344488    	
18.7105576820237    	11.9490051741752    	136.501330410186    	
19.9272338319305    	11.9900552048036    	136.477638179022    	
21.1719105120661    	12.0063848422586    	136.499426870499    	
22.4337932156588    	11.8838818106244    	136.492335337901    	
23.694665843406     	11.786673329818     	136.513498583056    	
24.9575920189446    	11.5719671455615    	136.511414193818    	
25.4297444937363    	11.0007705431899    	136.503108889827    	
24.2227631089341    	10.8699053126139    	136.471963328984    	
22.9864967916049    	10.665543054823     	136.536060103121    	
21.7393415756225    	10.4555878031763    	136.500751166188    	
20.5231293155149    	10.1979460375138    	136.536758416718    	
19.3077679698005    	9.85678800224213    	136.503125388674    	
18.1389038307001    	9.50424636034253    	136.534782874186    	
16.9200753261509    	9.10235543280107    	136.499208807965    	
15.7256484039462    	8.67863981775787    	136.513433558398    	
14.5667168386615    	8.22254688848296    	136.49655785801     	
13.4023724373376    	7.76647343856547    	136.477072884471    	
12.2742951153267    	7.25807150626312    	136.502640585062    	
11.1612116630177    	6.70084761503346    	136.487096521623    	
10.0514582588838    	6.13425952810218    	136.499597236235    	
8.94649716050738    	5.54552976869887    	136.50003603356     	
7.84390314139978    	4.93542795082695    	136.482036790218    	
6.79572878941866    	4.28811275245334    	136.529521713405    	
5.6719836694118     	3.62265684987596    	136.513285011587    	
4.68555408003084    	2.97268541218738    	136.499564637862    	
3.65328929500527    	2.24340740950128    	136.507014885212    	
2.61713525914667    	1.49786196926159    	136.477024664746    	
1.6251632795061     	0.81242526558538    	136.477092676247    	
0.601325418131302   	0.0244554147977092  	136.499677637132    	
-0.336831760927005  	-0.765353476111091  	136.510777126541    	
-1.33479707130997   	-1.49257600589208   	136.495425866464    	
-2.26688084454661   	-2.34440776212604   	136.487822804847    	
-3.2489602625964    	-3.12905249454795   	136.478856736967    	
-4.20972552458663   	-3.98747693401015   	136.473152461208    	
-5.10297540013892   	-4.81378139658986   	136.469373020133    	
-6.05764926635151   	-5.65007673763798   	136.477613364038    	
-6.96877340572672   	-6.51776737533418   	136.496059706551    	
-7.79855808481538   	-7.40948243982241   	136.497420712839    	
-8.72524255804199   	-8.28503484592119   	136.509002334773    	
-9.57369277431999   	-9.14918313908873   	136.500644539835    	
-10.4324645834337   	-10.1162845592571   	136.517024677021    	
-11.2966769767316   	-10.9946294082043   	136.494434948706    	
-12.1587757519528   	-11.9072319427341   	136.476264961069    	
-12.9586871229137   	-12.8445149417235   	136.494483931115    	
-13.8078840195952   	-13.7937840159135   	136.525945385538    	
-14.5926147618325   	-14.7608632865344   	136.53009670325     	
-15.3932706262433   	-15.7281962893183   	136.545334533348    	
-16.2010664897913   	-16.6930748512695   	136.515648317549    	
-16.9372302830917   	-17.6573697165566   	136.496290023805    	
-17.7032100654972   	-18.6377460812316   	136.516726433987    	
-18.506800910222    	-19.6701988251074   	136.4817309772      	
-19.2267247231644   	-20.6184584526298   	136.499518415       	
-19.9587807488933   	-21.6513780579325   	136.507993667106    	
-20.7021268239596   	-22.7183485276665   	136.49547227767     	
-21.4885399478659   	-23.4816343175303   	136.485159625633    	
-22.0807527462936   	-22.6655032227631   	129.49259747385     	
-21.75612943199     	-21.5658509473318   	129.506162354155    	
-21.1901114711805   	-20.3959395141705   	129.517508957316    	
-20.6462807632662   	-19.2793039933522   	129.52141997957     	
-20.0924375960542   	-18.1722614512624   	129.50100063351     	
-19.4614148402104   	-17.001710191365    	129.480577316414    	
-18.893709238266    	-15.9150247567334   	129.481898205167    	
-18.2952556101036   	-14.8369462892885   	129.522690260865    	
-17.6136889196714   	-13.7311658056107   	129.500274596523    	
-16.9855751354574   	-12.603457503187    	129.526685580635    	
-16.2657386275844   	-11.6223991232059   	129.495451272342    	
-15.5753453395713   	-10.5554023680504   	129.506427460338    	
-14.8687845709028   	-9.51879631288961   	129.491076409521    	
-14.1007305191839   	-8.5389914418189    	129.474921658365    	
-13.3649442772731   	-7.45785491999193   	129.500171331807    	
-12.5926594913039   	-6.49153583730541   	129.496233934324    	
-11.7791171787428   	-5.49004419734939   	129.498834207498    	
-10.9559550911562   	-4.55231053844815   	129.525393027368    	
-10.1475868366464   	-3.63992914977222   	129.500760809268    	
-9.26925772362257   	-2.69934748122497   	129.509726061543    	
-8.39560780745064   	-1.79929152588777   	129.522764933001    	
-7.49948086700801   	-0.909952625137704  	129.516535418661    	
-6.60520208891131   	-0.0417411631187097 	129.511322475954    	
-5.6075610252968    	0.80007968931959    	129.477098654254    	
-4.67795351420652   	1.60205104371173    	129.493530898499    	
-3.68783273593247   	2.42417525285499    	129.487018866898    	
-2.71526663397742   	3.17549808423587    	129.534366289097    	
-1.66111070797654   	3.91260424329782    	129.496649941321    	
-0.630456016576981  	4.61933259148685    	129.533234320895    	
0.390717884424225   	5.31071272248989    	129.522504231387    	
1.49527489001035    	5.96978207293704    	129.473378430492    	
2.61821445319429    	6.56989011212228    	129.494729230201    	
3.73746754340847    	7.15231724353761    	129.48370373434     	
4.90033291988482    	7.67954523630615    	129.485205289413    	
6.0174028350075     	8.20734736166249    	129.526709298679    	
7.19590117787954    	8.64422176123249    	129.465017844097    	
8.37485745233722    	9.07688692081514    	129.519127929112    	
9.60157704866699    	9.42025593166       	129.494215558892    	
10.8498645643179    	9.73340097132688    	129.445721044687    	
12.0670221908236    	9.96850136578411    	129.495092963793    	
13.304275709286     	10.2226440773628    	129.482024821179    	
14.54592566866      	10.3553851840072    	129.492625645355    	
15.8361052929462    	10.4305255295873    	129.507820134536    	
17.0978510791604    	10.5004267022136    	129.497244883664    	
18.3513218560124    	10.4588158141763    	129.475368407485    	
19.5722302126576    	10.3619155715037    	129.498201092403    	
20.8529123239622    	10.2351783173398    	129.496840559034    	
22.0430348490674    	10.0175369574703    	129.515658745355    	
23.317570748336     	9.7238442303458     	129.51838614231     	
24.5639161353633    	9.40251952473561    	129.489355978598    	
25.7526607658328    	9.04919111772435    	129.502880192114    	
26.8873729269448    	8.5375022402649     	129.494116910534    	
25.8431892015591    	8.25038699914708    	129.503780573713    	
24.5955916328857    	8.26911963215806    	129.503482373988    	
23.2805898469397    	8.22671533956075    	129.517555709773    	
22.0558608190956    	8.17721508711732    	129.524946965394    	
20.8106955341249    	8.01725708481711    	129.48581059959     	
19.5542355465568    	7.84030020902776    	129.478045013985    	
18.3061931294437    	7.64459915878471    	129.526309293051    	
17.0629399250879    	7.34619501556844    	129.465311724864    	
15.8467556889248    	7.0752161721791     	129.502110162151    	
14.6314274699136    	6.71550045667189    	129.525256183513    	
13.3734008591609    	6.39262187964669    	129.523643094119    	
12.2223741298514    	5.95320796089529    	129.511315585751    	
11.0211741278645    	5.54319066906023    	129.523009523654    	
9.88475765206067    	5.06342021197152    	129.503129688923    	
8.75219531498142    	4.52784745095628    	129.477086458908    	
7.60178061406499    	3.98213827443193    	129.497522865936    	
6.46680607242227    	3.43894600964173    	129.494138556603    	
5.35051490936279    	2.82369861058526    	129.493462599702    	
4.24729294127022    	2.22036552912745    	129.535608376054    	
3.15971592156006    	1.60880049370782    	129.49456674252     	
2.09408087284029    	0.909769292798507   	129.494694307599    	
1.05672684374804    	0.22198420271356    	129.534726307323    	
-0.033065169152395  	-0.463290391740518  	129.505665471185    	
-0.980919870986652  	-1.21514194267153   	129.488887153714    	
-2.05565046556898   	-1.95533467138575   	129.51609194462     	
-3.05163272921972   	-2.71251271598277   	129.496802579237    	
-4.03313637215345   	-3.48959225944938   	129.506676772641    	
-5.03020010987619   	-4.29700081704278   	129.497032748022    	
-5.98640943510983   	-5.10779572994825   	129.515303528076    	
-6.92193571023106   	-5.89158573950308   	129.494223537039    	
-7.86733822146761   	-6.80312533620658   	129.47992536229     	
-8.80803436187961   	-7.68120772690818   	129.482039248194    	
-9.71758641678198   	-8.47512727608629   	129.502544930705    	
-10.627000106565    	-9.38149567611763   	129.465097834449    	
-11.5563395202007   	-10.2399935536037   	129.502079358083    	
-12.3665105018791   	-11.176295981089    	129.511747161059    	
-13.2562587751374   	-12.106299198874    	129.493449092622    	
-14.0844145996034   	-12.9961354928662   	129.52444913649     	
-14.9556607579242   	-13.9424362061784   	129.476152565021    	
-15.7713925689565   	-14.9386608463917   	129.498338313821    	
-16.6042812924983   	-15.8456260809757   	129.47454647441     	
-17.400482429985    	-16.8405340130081   	129.520194898243    	
-18.2086612599696   	-17.8542260305994   	129.522176308694    	
-18.9543964484616   	-18.84379889933     	129.535327050225    	
-19.7821525544856   	-19.8187271028336   	129.528188570466    	
-20.5273451105359   	-20.7952682463654   	129.483824426813    	
-21.264961805555    	-21.8385751423354   	129.508273110791    	
-22.0945481735887   	-22.648804012216    	129.494137391906    	
